Wav File	 Duration	 Emotion Class	 Probabilities
Ses01M_impro01_F000.wav 1.6899375 2  3.3850191538675745e-09 6.472086061526383e-11 1.0 7.391354889252355e-11
Ses01M_impro01_F001.wav 2.05 2  1.8009495761361904e-06 0.0006316272192634642 0.9993662238121033 3.410424085359409e-07
Ses01M_impro01_F007.wav 3.4199375 2  3.6114550994170713e-07 2.812184263234485e-08 0.9999995231628418 7.43811696679586e-08
Ses01M_impro01_F008.wav 3.736 2  1.7332671632175334e-05 4.574795184453251e-06 0.9999732971191406 4.8131087169167586e-06
Ses01M_impro01_F011.wav 2.1599375 2  1.1317959902612529e-08 9.094236474993522e-09 1.0 1.2189922848904189e-08
Ses01M_impro01_F012.wav 1.925 2  1.610873187019024e-05 1.0949795381520744e-07 0.9999837875366211 1.1677041555913092e-08
Ses01M_impro01_F019.wav 3.61 2  1.7837797905428943e-09 1.4445489249226284e-09 1.0 1.3730243608733872e-09
Ses01M_impro01_F020.wav 3.33 2  3.306605433905929e-09 2.2461179582933255e-09 1.0 2.3450843045225156e-08
Ses01M_impro01_F021.wav 4.9125 2  4.399617864692118e-06 2.429699861750123e-06 0.9999915361404419 1.6472312154292013e-06
Ses01M_impro01_F022.wav 10.6899375 2  1.9558594033242116e-07 4.25469970366521e-08 0.9999996423721313 1.18860789655173e-07
Ses01M_impro01_F024.wav 3.7124375 1  3.352623068053617e-08 0.9999997615814209 1.1475470529376253e-07 8.494598802144537e-08
Ses01M_impro01_F025.wav 3.43 2  6.024469598742144e-07 3.0052706989636135e-08 0.9999994039535522 4.156138544431087e-08
Ses01M_impro01_M003.wav 2.4799375 0  1.0 1.1537741595457618e-10 2.757793104990469e-08 1.5197993974425117e-09
Ses01M_impro01_M010.wav 2.2199375 0  1.0 4.782260698554808e-10 1.192904219848856e-09 9.382918442213395e-09
Ses01M_impro01_M020.wav 3.62 2  3.1315627779804345e-07 3.6611680798159796e-07 0.9999990463256836 2.5261300606871373e-07
Ses01M_impro01_M025.wav 3.3449375 2  1.3307808188756098e-09 7.884615182973675e-10 1.0 4.9251740463773785e-09
Ses01M_impro01_M030.wav 1.1199375 2  1.1719433756773867e-10 1.1226530816088598e-10 1.0 1.97031752025012e-10
Ses01M_impro01_M031.wav 2.67 2  1.1277168141532457e-06 7.842039622119046e-07 0.9999970197677612 1.125516291722306e-06
Ses01M_impro01_M032.wav 5.5099375 2  0.00022557472402695566 8.816396439215168e-05 0.9996253252029419 6.095023127272725e-05
Ses01M_impro02_F000.wav 3.39625 0  1.0 3.2222620838934235e-12 1.3148841390697719e-11 2.0170422276866162e-10
Ses01M_impro02_F009.wav 3.3 3  6.3487988199995016e-09 1.7498003046512167e-07 7.994344741746318e-09 0.9999997615814209
Ses01M_impro02_F010.wav 3.2599375 0  1.0 2.525378128837019e-09 5.547519665860534e-10 1.0841941566752666e-08
Ses01M_impro02_F013.wav 4.0599375 3  0.46976223587989807 2.1617529455397744e-06 5.530196176550817e-07 0.5302350521087646
Ses01M_impro02_F015.wav 2.6899375 3  1.5932111807615001e-07 3.112804947136283e-08 7.110317223890661e-09 0.9999997615814209
Ses01M_impro02_F017.wav 4.9399375 3  5.431246563603054e-07 0.0001449657866032794 1.4675215709303302e-07 0.999854326248169
Ses01M_impro02_F019.wav 2.2924375 3  5.5809530330463986e-09 1.284808370805024e-09 2.6673310227209868e-09 1.0
Ses01M_impro02_M000.wav 3.30175 1  1.5960882393528664e-08 1.0 1.5704051557416387e-12 1.3176514046531196e-10
Ses01M_impro02_M001.wav 3.7599375 3  2.3035344465238694e-10 2.0249367460589696e-10 4.413579571260762e-11 1.0
Ses01M_impro02_M002.wav 4.3 3  9.547884705085607e-10 2.4765329786902157e-09 9.736200734522527e-10 1.0
Ses01M_impro02_M003.wav 2.7149375 3  6.945608532760161e-09 7.994346518103157e-09 3.371822376863065e-09 1.0
Ses01M_impro02_M007.wav 8.5199375 0  0.9946624636650085 5.057411908637732e-05 1.629123835300561e-05 0.005270730704069138
Ses01M_impro02_M009.wav 2.9225 3  7.76237574218186e-10 7.612237507004238e-10 4.354298033248938e-10 1.0
Ses01M_impro02_M010.wav 2.68 3  0.01536533236503601 4.6651055640722916e-07 5.748538001171255e-08 0.9846341013908386
Ses01M_impro02_M011.wav 4.1899375 3  4.529104558059771e-08 1.899390298376602e-07 1.6924028400921998e-08 0.9999997615814209
Ses01M_impro02_M012.wav 1.8299375 3  2.1471302513731416e-10 1.3050411862280953e-09 5.4927885156930145e-11 1.0
Ses01M_impro02_M013.wav 4.425 3  1.0467401168057222e-08 2.5806063064237605e-08 3.005272120049085e-08 0.9999998807907104
Ses01M_impro02_M014.wav 8.34 3  1.902251967056401e-10 3.7244285433502e-10 1.808064947761423e-10 1.0
Ses01M_impro02_M015.wav 2.2824375 3  1.6531982893752684e-08 3.9658164752154335e-08 2.2162792845392687e-07 0.9999997615814209
Ses01M_impro02_M016.wav 4.3899375 3  2.1639703917664121e-10 6.52479537066597e-09 3.027939010635805e-10 1.0
Ses01M_impro02_M017.wav 6.68 3  1.502217372717496e-07 0.0002155617839889601 1.8477589946996886e-07 0.9997841715812683
Ses01M_impro02_M018.wav 3.1899375 3  6.435235677670903e-10 5.1825132629801374e-08 1.4814753590552954e-10 1.0
Ses01M_impro02_M019.wav 3.5199375 3  1.0429675967316143e-06 1.8340437009101151e-06 9.777195941751415e-08 0.9999970197677612
Ses01M_impro02_M020.wav 2.0799375 3  6.31076690904564e-10 1.3839996704234636e-08 1.1786544830416634e-11 1.0
Ses01M_impro02_M021.wav 3.7599375 3  1.5680430287545732e-09 2.83935897016363e-09 1.2404240967711644e-09 1.0
Ses01M_impro02_M022.wav 2.07 3  4.971371527062729e-05 1.8052550387892552e-07 3.769267920006314e-08 0.9999500513076782
Ses01M_impro02_M023.wav 5.31 1  0.001535072224214673 0.9973880648612976 1.7898429405249772e-08 0.0010768985375761986
Ses01M_impro02_M025.wav 2.4499375 3  5.9408926667003925e-09 6.798992302492479e-08 3.1428835089997165e-09 0.9999998807907104
Ses01M_impro03_F002.wav 1.37675 2  6.562159149403612e-10 2.151649081127971e-09 1.0 2.1555338070022856e-10
Ses01M_impro03_F003.wav 1.5525 1  0.04919697716832161 0.9507564902305603 2.7223368306295015e-05 1.9379815057618544e-05
Ses01M_impro03_F004.wav 2.5975 1  1.2652586178774072e-07 0.9999933242797852 6.4014179770310875e-06 9.148983792783838e-08
Ses01M_impro03_F005.wav 7.2099375 2  3.3655155675660353e-06 0.01199556328356266 0.9879871010780334 1.4059082786843646e-05
Ses01M_impro03_F006.wav 3.735 1  7.732113282976627e-10 1.0 7.422499503917379e-09 6.045344225213967e-10
Ses01M_impro03_F007.wav 4.33 1  3.6887848331446094e-09 1.0 4.338617642929421e-08 3.988527286225008e-09
Ses01M_impro03_F008.wav 7.2 1  1.9362746961348876e-09 1.0 3.2680822492636707e-09 8.67778116031559e-09
Ses01M_impro03_F009.wav 3.7774375 1  3.192377251437506e-09 1.0 6.286163256596922e-10 1.9667665274170076e-09
Ses01M_impro03_F010.wav 11.0575 1  0.0005819361540488899 0.9321667551994324 0.06686970591545105 0.00038164303987286985
Ses01M_impro03_F011.wav 8.4124375 1  9.256878996666273e-08 0.9999986886978149 5.539167773349618e-07 5.56084785330313e-07
Ses01M_impro03_F012.wav 7.5199375 0  0.9500957131385803 0.04901896417140961 0.0006539742462337017 0.0002313670702278614
Ses01M_impro03_F013.wav 1.73 1  0.06045423075556755 0.9210547208786011 0.018455514684319496 3.5488625144353136e-05
Ses01M_impro03_F014.wav 3.2599375 1  3.957488114991747e-09 0.9999998807907104 6.214781933522318e-08 5.6910267609566745e-09
Ses01M_impro03_F015.wav 6.6374375 1  3.7177163569879212e-09 1.0 1.142732242165323e-09 1.5558403454463132e-09
Ses01M_impro03_F016.wav 4.4225 1  3.3245476684096165e-12 1.0 1.3513340620108227e-11 5.8805252334259706e-12
Ses01M_impro03_F017.wav 2.91 3  0.0025621079839766026 3.717090066857054e-06 3.4709640317487356e-07 0.9974338412284851
Ses01M_impro03_F018.wav 1.2599375 0  1.0 1.1246799498654259e-11 8.054641675858676e-11 9.399858669212335e-10
Ses01M_impro03_F019.wav 3.61 1  2.742082756412856e-07 0.9999971389770508 1.9638025605672738e-06 6.920575970070786e-07
Ses01M_impro03_F020.wav 1.7799375 1  0.000842225446831435 0.9991507530212402 5.971622840661439e-08 6.956392098800279e-06
Ses01M_impro03_F021.wav 3.5299375 1  3.7412223719002213e-06 0.9999955892562866 2.2732629645361158e-07 4.7194157559715677e-07
Ses01M_impro03_F022.wav 3.9899375 1  7.057056450321397e-07 0.9999948740005493 2.492189651093213e-06 1.8520379398978548e-06
Ses01M_impro03_F023.wav 7.78 1  4.179940393811421e-09 0.9999998807907104 8.461482536858966e-08 1.0926974880476337e-08
Ses01M_impro03_F024.wav 1.8 1  2.8616284897253763e-09 1.0 1.3180448732441619e-08 2.3405085869399045e-08
Ses01M_impro03_F025.wav 3.675 1  1.0185061682932428e-08 1.0 2.093612172515691e-09 4.432176847757319e-09
Ses01M_impro03_F026.wav 2.6474375 1  5.211412412720051e-10 1.0 1.6432949445643885e-09 1.5741801195900962e-09
Ses01M_impro03_M000.wav 2.6399375 3  3.0945381013225415e-07 0.00017324213695246726 2.198974243583507e-06 0.9998242259025574
Ses01M_impro03_M001.wav 5.2599375 0  0.9999970197677612 2.0140022627401777e-07 5.183271696296288e-07 2.2780504878028296e-06
Ses01M_impro03_M003.wav 3.61 0  0.9999816417694092 8.430857633356936e-06 8.463854101137258e-06 1.4765539617656032e-06
Ses01M_impro03_M004.wav 9.2599375 0  0.9411962032318115 0.008238929323852062 0.0500890277326107 0.000475831184303388
Ses01M_impro03_M005.wav 4.1899375 1  1.1499583933982649e-06 0.9999964237213135 1.0802858696479234e-06 1.313293751081801e-06
Ses01M_impro03_M006.wav 7.4625 1  1.072027316695312e-05 0.9999854564666748 1.7128390936704818e-06 2.1483815544343088e-06
Ses01M_impro03_M007.wav 8.0825 2  6.324806236079894e-06 0.0022174178157001734 0.9977214932441711 5.4744807130191475e-05
Ses01M_impro03_M008.wav 15.0675 1  5.839939149154816e-06 0.9999910593032837 1.0593856814011815e-06 2.0182289972581202e-06
Ses01M_impro03_M010.wav 2.68 1  4.196368536213413e-05 0.9994192123413086 0.00048259965842589736 5.624816185445525e-05
Ses01M_impro03_M011.wav 2.2899375 1  1.2550458450277802e-09 1.0 6.116605000272557e-10 3.9031675114209463e-10
Ses01M_impro03_M012.wav 1.72 1  1.553036454993162e-08 1.0 3.5061404890512904e-09 1.6924031953635676e-08
Ses01M_impro03_M013.wav 2.1525 1  5.951619752586623e-10 1.0 8.312804666843476e-09 3.1306310876999532e-09
Ses01M_impro03_M014.wav 3.54 0  0.6629300117492676 0.33661335706710815 0.0002549693745095283 0.00020169737399555743
Ses01M_impro03_M015.wav 2.1 0  1.0 2.5057256269889194e-09 1.0926975768654756e-08 2.6521437490600874e-08
Ses01M_impro03_M016.wav 3.93 1  1.998333374331196e-07 0.9999991655349731 9.701130920802825e-08 4.701033162746171e-07
Ses01M_impro03_M017.wav 11.33 1  2.410451145351544e-07 0.9999995231628418 6.337355529240085e-08 1.1297557023226545e-07
Ses01M_impro03_M018.wav 2.05 0  1.0 2.992662506695609e-10 6.511092220939929e-10 8.120238703668292e-09
Ses01M_impro03_M019.wav 3.7799375 1  1.1565464319573948e-07 0.999998927116394 4.263650907887495e-07 5.347816340872669e-07
Ses01M_impro03_M020.wav 3.31 1  4.985432042303728e-06 0.9999939203262329 6.526703941744927e-07 5.063185426479322e-07
Ses01M_impro03_M021.wav 8.6875 1  1.753705510054715e-05 0.9999773502349854 5.453175049296988e-07 4.495099801715696e-06
Ses01M_impro03_M022.wav 9.7799375 1  0.00011322466161800548 0.999800980091095 3.733752964762971e-05 4.8507466999581084e-05
Ses01M_impro03_M023.wav 4.54 1  1.4419454963388034e-08 1.0 4.8400774943502256e-08 1.752959910561458e-08
Ses01M_impro03_M024.wav 1.46 1  3.897294504895399e-07 0.9999994039535522 9.625637886756522e-08 8.62836628812147e-08
Ses01M_impro04_F000.wav 2.669375 0  0.9979473948478699 0.002048988128080964 2.9305047064553946e-06 6.190848580445163e-07
Ses01M_impro04_F002.wav 1.854 0  1.0 5.293480098700343e-10 7.701968507412005e-10 3.280873128730377e-09
Ses01M_impro04_F003.wav 3.2165 0  0.9999994039535522 8.169172360794619e-08 8.105599391683427e-08 3.1315639148488117e-07
Ses01M_impro04_F004.wav 2.75 0  0.999424934387207 8.727663953322917e-06 2.735574753387482e-06 0.0005636686692014337
Ses01M_impro04_F005.wav 3.3 0  0.9999951124191284 9.797754501050804e-07 2.673729795787949e-06 1.2580566135511617e-06
Ses01M_impro04_F006.wav 6.5899375 0  0.5157563090324402 0.00048334631719626486 0.00019759158021770418 0.4835628271102905
Ses01M_impro04_F007.wav 3.3199375 0  0.9999889135360718 2.401028211806988e-07 8.365308531210758e-06 2.511721277187462e-06
Ses01M_impro04_F008.wav 2.2805625 0  1.0 2.2814889977240682e-09 1.601856702837523e-10 5.161537863784815e-09
Ses01M_impro04_F009.wav 4.34 0  0.9999921321868896 2.813003447954543e-06 2.0741783828270854e-06 2.948002020275453e-06
Ses01M_impro04_F010.wav 8.045 1  0.2859784662723541 0.6770417094230652 3.1160772778093815e-05 0.03694867342710495
Ses01M_impro04_F011.wav 12.155 0  0.9999992847442627 8.527840833494338e-08 1.7294136966938822e-07 4.1811858864093665e-07
Ses01M_impro04_F012.wav 1.79 0  1.0 1.858741249805007e-08 4.229212535733495e-09 5.894661203598162e-09
Ses01M_impro04_F013.wav 5.0199375 0  1.0 4.0671941370362674e-09 6.237244054574376e-10 9.201436057537649e-09
Ses01M_impro04_F014.wav 2.9499375 0  0.9999998807907104 3.3455820336314446e-09 2.993555625607769e-08 1.3521410835437564e-07
Ses01M_impro04_F015.wav 2.28 0  0.999967098236084 1.2025797957448958e-07 3.175517849740572e-05 1.084482164515066e-06
Ses01M_impro04_F016.wav 1.49 0  1.0 8.441192189678759e-11 3.4987768238181616e-10 4.179940837900631e-09
Ses01M_impro04_F017.wav 3.98 0  0.999997615814209 2.1150997326913057e-06 8.662121331326489e-08 1.5685074572502344e-07
Ses01M_impro04_F018.wav 7.8399375 0  0.9999991655349731 8.628364156493262e-08 5.873428676750336e-07 1.1341770544959218e-07
Ses01M_impro04_F019.wav 4.045 0  0.999988317489624 3.0415701530728256e-06 3.5698735700862017e-06 4.956278644385748e-06
Ses01M_impro04_F020.wav 2.38 0  1.0 2.6157400689896804e-09 5.559195326299005e-09 4.691164079417831e-08
Ses01M_impro04_F021.wav 2.82 0  0.9999998807907104 6.499356608458129e-09 9.25688965480731e-08 5.274416636780188e-08
Ses01M_impro04_F022.wav 6.6499375 0  0.9999698400497437 5.839815457875375e-06 1.3211734767537564e-05 1.1038817319786176e-05
Ses01M_impro04_F023.wav 2.8384375 1  0.007750800345093012 0.9916384816169739 1.1950734233323601e-06 0.000609465641900897
Ses01M_impro04_F025.wav 3.2399375 0  0.9999994039535522 2.1438994224354246e-07 7.525795098217714e-08 2.1106612280163972e-07
Ses01M_impro04_M014.wav 1.28 0  0.9999964237213135 8.594701483843892e-08 3.125911007373361e-06 3.425931254241732e-07
Ses01M_impro04_M018.wav 7.74 2  1.4251456015301756e-08 4.373296462745202e-07 0.9999995231628418 1.2774922453218096e-08
Ses01M_impro04_M023.wav 6.303 2  6.629496738241869e-07 2.1993512291373918e-06 0.9999957084655762 1.3898254564992385e-06
Ses01M_impro04_M025.wav 1.5274375 0  1.0 1.8217018605409807e-12 5.567569408976292e-12 3.057197203726325e-11
Ses01M_impro05_F000.wav 2.05125 0  1.0 4.54547482986456e-10 2.600070159175516e-10 1.2452789910355477e-09
Ses01M_impro05_F001.wav 2.6499375 0  0.9999998807907104 8.395635120450606e-08 6.6017067368306925e-09 2.304222057603056e-08
Ses01M_impro05_F002.wav 3.5274375 0  1.0 1.943853078500979e-09 2.7953388492818476e-09 6.0817781921684855e-09
Ses01M_impro05_F003.wav 1.2899375 0  1.0 1.5619298077140797e-09 3.0941580408949676e-09 2.5852657792313494e-09
Ses01M_impro05_F004.wav 4.0599375 0  0.9999935626983643 8.169124754431323e-08 5.920344847254455e-06 2.9998369655004353e-07
Ses01M_impro05_F005.wav 2.86 0  1.0 4.346450754866282e-09 1.2774928670467034e-08 2.396012099836753e-08
Ses01M_impro05_F006.wav 2.7475 0  1.0 1.5803413022652535e-09 5.537521996501482e-09 9.98806459762136e-09
Ses01M_impro05_F007.wav 2.7975 0  0.5864678025245667 3.2305335480486974e-05 0.4134383201599121 6.154469883767888e-05
Ses01M_impro05_F011.wav 4.25 1  3.2000398277887143e-06 0.9999964237213135 1.2952672534538578e-07 2.6995687107955746e-07
Ses01M_impro05_F012.wav 2.3899375 1  2.8461702186177718e-06 0.9999949932098389 1.4998263395682443e-06 6.552255626957049e-07
Ses01M_impro05_F013.wav 2.5325 0  0.9439702033996582 6.052794532251937e-08 0.05602936074137688 3.085893638399284e-07
Ses01M_impro05_F014.wav 1.73 0  0.9999898672103882 8.297739384488523e-08 9.99243729893351e-06 3.919574353972166e-08
Ses01M_impro05_F015.wav 6.0 2  2.135989961971063e-05 0.030820317566394806 0.9691470265388489 1.129993142967578e-05
Ses01M_impro05_F016.wav 5.74 0  0.9999357461929321 4.140908004046651e-06 3.314835703349672e-05 2.6896839699475095e-05
Ses01M_impro05_F017.wav 8.8299375 0  1.0 5.515933043653831e-09 1.9479440283021177e-08 8.88356854744643e-09
Ses01M_impro05_F018.wav 2.62 0  1.0 2.4572603951611427e-09 1.3598841164252917e-08 1.1229882801444546e-08
Ses01M_impro05_F019.wav 3.25 1  1.004526017922558e-09 1.0 3.933780523546204e-10 1.2748099242898547e-09
Ses01M_impro05_F020.wav 6.2599375 0  0.9999746084213257 3.0351407076523174e-07 2.425279853923712e-05 8.748231152821973e-07
Ses01M_impro05_F021.wav 1.28 0  1.0 1.5020932275788823e-09 2.4572603951611427e-09 9.643022380600996e-09
Ses01M_impro05_F022.wav 1.4799375 0  0.9999998807907104 3.0700786357584775e-09 6.513035799571298e-08 2.3773658597292524e-08
Ses01M_impro05_F023.wav 1.6075 0  0.9999998807907104 1.4136335158010382e-10 7.58482414653372e-08 2.535262000336047e-09
Ses01M_impro05_F024.wav 1.93 0  1.0 7.746073227288264e-11 1.0923714016675135e-10 3.43110428957516e-10
Ses01M_impro05_F025.wav 4.5899375 0  0.9999984502792358 5.560846716434753e-07 2.907555938236328e-07 6.681510740236263e-07
Ses01M_impro05_F026.wav 3.0399375 0  1.0 2.8788747385988245e-08 1.7190545875678254e-08 3.754760413698932e-08
Ses01M_impro05_F027.wav 1.4699375 0  0.9999998807907104 1.5321765545195376e-07 3.3718219327738552e-09 5.7702294498085394e-08
Ses01M_impro05_F028.wav 2.0399375 0  0.5156174302101135 0.48437774181365967 1.8804040280429035e-07 4.591533979692031e-06
Ses01M_impro05_F029.wav 1.72 0  1.0 7.166085946863632e-09 2.8901423476668242e-08 5.6586237917599647e-08
Ses01M_impro05_F030.wav 2.0599375 0  0.9999977350234985 3.0352109092746105e-07 1.1635152077360544e-06 7.338198884099256e-07
Ses01M_impro05_F031.wav 1.25 0  1.0 5.3671502797669746e-09 1.9786197569260366e-08 4.044036217010216e-08
Ses01M_impro05_F032.wav 2.4099375 0  0.999996542930603 2.0936048450437283e-09 3.4030999813694507e-06 5.346207032630446e-09
Ses01M_impro05_F033.wav 1.23 0  1.0 2.5798363445517225e-10 4.083112514763343e-09 1.3623393524397898e-09
Ses01M_impro05_F034.wav 5.37 0  0.9999983310699463 4.775059778694413e-07 4.628146541563183e-07 6.839957222837256e-07
Ses01M_impro05_M004.wav 4.8876875 2  0.02515069767832756 0.005602296907454729 0.9682791233062744 0.0009678455535322428
Ses01M_impro05_M005.wav 3.05 2  8.282855787911103e-07 3.0470923206848965e-07 0.9999984502792358 3.912544173090282e-07
Ses01M_impro05_M006.wav 2.8199375 2  1.2000935356581977e-08 6.601707625009112e-09 1.0 2.6625238902511228e-08
Ses01M_impro05_M007.wav 3.7549375 2  7.338191494454804e-07 1.8340432461627643e-06 0.9999967813491821 5.432020202533749e-07
Ses01M_impro05_M008.wav 3.185 2  6.435235677670903e-10 1.257311754709889e-10 1.0 1.8874485308018052e-10
Ses01M_impro05_M015.wav 2.07 0  1.0 6.322160850391612e-11 1.958514080080409e-11 6.522847539880416e-11
Ses01M_impro05_M020.wav 2.501125 2  1.1411621017032303e-05 5.583347046922427e-06 0.9999810457229614 1.8520123603593674e-06
Ses01M_impro05_M021.wav 5.85 2  1.1190842997166328e-05 5.214399607211817e-06 0.9999759197235107 7.586906576761976e-06
Ses01M_impro05_M022.wav 5.8299375 1  1.1864563020935748e-06 0.9999916553497314 5.908781986363465e-06 1.1680619991238927e-06
Ses01M_impro05_M023.wav 6.5099375 2  1.022793298943725e-06 2.190776740462752e-06 0.9999955892562866 1.2004464906567591e-06
Ses01M_impro05_M024.wav 3.5 2  2.046023155344301e-06 7.424691830237862e-07 0.9999967813491821 4.4334859694572515e-07
Ses01M_impro05_M025.wav 6.99 2  2.203652229582076e-06 5.474620934364793e-07 0.9999961853027344 1.0188064152316656e-06
Ses01M_impro05_M026.wav 6.72 2  4.747679486172274e-05 0.00012242599041201174 0.9998086094856262 2.1399468096205965e-05
Ses01M_impro05_M027.wav 6.1825 1  0.003502909792587161 0.9964796900749207 8.047983101278078e-06 9.335823961009737e-06
Ses01M_impro05_M028.wav 5.3249375 2  1.2507091469160514e-06 1.3709550330531783e-06 0.9999970197677612 3.3335246030219423e-07
Ses01M_impro05_M031.wav 2.4275 2  4.77364237028155e-09 7.054985928789392e-09 1.0 1.0105800640758389e-08
Ses01M_impro06_F000.wav 2.5845 0  1.0 8.915675836496106e-11 1.932208143484715e-10 3.623968347632456e-10
Ses01M_impro06_F001.wav 3.1275 0  1.0 2.0967659032644637e-12 3.511422055901825e-12 8.593449507543482e-09
Ses01M_impro06_F002.wav 2.3199375 3  7.979930671808688e-08 2.5261300606871373e-07 6.095481808188197e-07 0.9999990463256836
Ses01M_impro06_F003.wav 2.79 3  1.6144202641399374e-10 4.857570456984206e-10 3.43110428957516e-10 1.0
Ses01M_impro06_F004.wav 2.8429375 3  1.05716978282544e-07 1.5994467617019836e-07 9.1848498584568e-08 0.9999996423721313
Ses01M_impro06_F005.wav 2.0654375 3  7.451549599579721e-09 4.406940234957801e-08 1.4646526658168568e-08 0.9999998807907104
Ses01M_impro06_F006.wav 2.528375 3  4.889522824669257e-05 4.774831268150592e-07 8.867120016020635e-08 0.9999505281448364
Ses01M_impro06_F007.wav 2.2138125 0  1.0 3.7536396213511125e-10 1.6656674650672443e-10 5.101404187968228e-09
Ses01M_impro06_F008.wav 1.8999375 3  1.2355881873205021e-09 1.0904026570557335e-09 3.7322669399486585e-09 1.0
Ses01M_impro06_F009.wav 3.97 0  0.9999390840530396 1.9222368791815825e-05 7.353211458394071e-06 3.4334570955252275e-05
Ses01M_impro06_F010.wav 4.3675 3  7.166085946863632e-09 3.761539524305135e-09 1.2797993775848227e-09 1.0
Ses01M_impro06_F011.wav 1.54 0  0.9999996423721313 3.0636301828756984e-10 1.7492777226735257e-09 4.0446386151415936e-07
Ses01M_impro06_F012.wav 1.3625 0  1.0 5.985701517774444e-11 5.334997443817713e-10 1.8806515456049056e-08
Ses01M_impro06_F013.wav 2.9499375 3  0.0003660575021058321 5.430046599030902e-07 1.1225766094469236e-08 0.9996334314346313
Ses01M_impro06_F014.wav 1.3724375 0  0.9999998807907104 3.192376807348296e-09 6.798992302492479e-08 3.554935545935223e-08
Ses01M_impro06_F015.wav 1.2175 0  0.9999996423721313 6.058065160630122e-09 2.7852712491949205e-07 1.3003410970213736e-07
Ses01M_impro06_F016.wav 1.8399375 0  1.0 1.0445417863991224e-09 7.509993515952829e-09 5.825986360008528e-09
Ses01M_impro06_F017.wav 2.4449375 3  2.4713128368603066e-05 0.0026767610106617212 2.0444874735403573e-06 0.9972965121269226
Ses01M_impro06_F018.wav 2.34 3  3.36673383571906e-06 9.91324668575544e-07 6.475920031334681e-07 0.9999949932098389
Ses01M_impro06_F019.wav 4.1924375 3  9.533474667478004e-07 3.433136271269177e-06 7.224409728223691e-07 0.9999948740005493
Ses01M_impro06_F020.wav 3.0593125 1  4.197317480247875e-07 0.999943733215332 9.289824465241736e-10 5.575799150392413e-05
Ses01M_impro06_F021.wav 2.0046875 0  0.9999998807907104 1.0738180122871199e-07 1.0467401168057222e-08 3.9503557758280294e-08
Ses01M_impro06_F022.wav 1.9499375 0  0.9999408721923828 4.314947364036925e-05 1.8884642258854e-06 1.411845278198598e-05
Ses01M_impro06_F023.wav 1.99 0  1.0 2.784440900072127e-09 1.790761317010947e-09 4.963802702206976e-09
Ses01M_impro06_F024.wav 2.792375 0  0.9999998807907104 7.250556599558422e-09 5.242819955952882e-09 1.2215576816743123e-07
Ses01M_impro06_F025.wav 1.8570625 0  1.0 3.179931207242248e-09 1.3359893191733363e-09 5.081515652705093e-09
Ses01M_impro06_F026.wav 2.9713125 0  0.9588446617126465 1.4102920431469101e-06 1.146559384324064e-06 0.04115278646349907
Ses01M_impro06_F027.wav 2.1099375 3  3.273982751572646e-10 2.481004290899591e-10 4.653267493548441e-10 1.0
Ses01M_impro06_F028.wav 3.5921875 0  0.5907133221626282 3.0983910619397648e-06 0.00010837207810254768 0.40917515754699707
Ses01M_impro06_M000.wav 4.0466875 3  6.259786525936173e-12 2.3076934460575238e-11 2.8274450489251812e-11 1.0
Ses01M_impro06_M001.wav 3.709125 3  3.306605433905929e-09 1.7325373136145572e-08 1.7492783888073404e-09 1.0
Ses01M_impro06_M002.wav 4.3018125 3  4.5182444591285176e-11 5.4927885156930145e-11 8.659555850165646e-10 1.0
Ses01M_impro06_M003.wav 3.6 3  6.862640317129021e-11 4.473667963855732e-12 2.1934315475036215e-11 1.0
Ses01M_impro06_M004.wav 3.8899375 3  1.6437844863048667e-07 3.095079819104285e-07 1.8772608711969951e-07 0.9999992847442627
Ses01M_impro06_M005.wav 3.4625 3  0.0016045526135712862 0.0006591504788957536 2.6732330297818407e-05 0.9977095127105713
Ses01M_impro06_M006.wav 15.5799375 3  4.3035688901404967e-10 2.2814889977240682e-09 5.882281328695171e-10 1.0
Ses01M_impro06_M007.wav 4.0 3  5.390464139054529e-06 1.3393743756751064e-05 9.168119845526235e-07 0.9999803304672241
Ses01M_impro06_M008.wav 4.2680625 3  8.67778027213717e-09 4.897130168046715e-08 3.411567917055436e-09 0.9999998807907104
Ses01M_impro06_M009.wav 3.3705 3  5.0208150137454055e-11 3.2485042433805233e-10 1.3967471927320285e-12 1.0
Ses01M_impro06_M010.wav 3.481375 3  5.481252604577769e-12 3.057197203726325e-11 1.5493120675280636e-11 1.0
Ses01M_impro06_M011.wav 6.595 0  0.9242319464683533 0.06953323632478714 7.435379757225746e-06 0.006227425765246153
Ses01M_impro06_M012.wav 1.457125 3  0.033447541296482086 0.020910507068037987 8.396742487093434e-05 0.9455579519271851
Ses01M_impro06_M013.wav 5.1324375 3  0.1322849839925766 0.0034172311425209045 0.0015860593412071466 0.8627117872238159
Ses01M_impro06_M014.wav 3.3199375 0  0.7924590110778809 6.251966169656953e-06 4.1397581185265153e-07 0.20753438770771027
Ses01M_impro06_M015.wav 5.0199375 3  6.072437827242538e-06 2.1277843188727275e-05 4.356760655355174e-06 0.9999682903289795
Ses01M_impro06_M016.wav 2.2624375 3  7.084693720571522e-07 1.914568429128849e-06 1.384202477083818e-07 0.9999972581863403
Ses01M_impro06_M017.wav 23.74 3  6.276668500504456e-07 5.454077836475335e-06 2.4579784962952544e-07 0.9999936819076538
Ses01M_impro06_M018.wav 3.8799375 3  0.0004028755647595972 0.003826111787930131 0.00014421195373870432 0.9956268072128296
Ses01M_impro06_M019.wav 2.85 3  3.548516644968913e-07 2.976945324917324e-06 1.0489395663171308e-07 0.999996542930603
Ses01M_impro06_M020.wav 1.3899375 0  0.9999103546142578 1.836921548203918e-08 5.387673418510985e-09 8.96872952580452e-05
Ses01M_impro06_M021.wav 2.1299375 3  1.1423911296104539e-11 9.03705756061246e-12 1.8615413030498296e-11 1.0
Ses01M_impro06_M022.wav 3.0523125 3  8.71396082402498e-07 4.243966759531759e-05 8.920606546780618e-07 0.9999557733535767
Ses01M_impro06_M023.wav 2.952625 3  3.118425739856434e-09 2.924210384946946e-08 1.450202735675532e-09 1.0
Ses01M_impro06_M024.wav 4.3799375 3  3.935887434636243e-06 5.705207513528876e-05 7.366481327153451e-07 0.9999382495880127
Ses01M_impro06_M025.wav 1.34 0  0.9999988079071045 1.0127057237241388e-07 1.2925500669780376e-08 1.1233222494411166e-06
Ses01M_impro06_M026.wav 2.922125 3  9.110655563304704e-10 2.404671739508757e-10 6.744068636876932e-10 1.0
Ses01M_impro06_M027.wav 2.0099375 3  1.9971422085540702e-11 7.851531924618627e-12 6.408233318988543e-12 1.0
Ses01M_impro06_M028.wav 4.35925 3  7.734404050552257e-08 2.0945451524312375e-06 9.077825779968407e-08 0.9999977350234985
Ses01M_impro06_M029.wav 2.1899375 3  1.367671420560157e-09 2.3264874471351504e-09 1.7561248011332964e-09 1.0
Ses01M_impro06_M030.wav 6.72 3  1.030944986268878e-05 0.0019578253850340843 1.0720132195274346e-05 0.998021125793457
Ses01M_impro07_F000.wav 0.9399375 0  1.0 1.5437326972289611e-09 1.621222978087644e-08 7.194132845000922e-09
Ses01M_impro07_F001.wav 7.17 2  7.512171578127891e-07 7.197293598437682e-06 0.9999914169311523 5.368706865738204e-07
Ses01M_impro07_F003.wav 2.75 2  1.866016141605087e-08 1.0145353890322895e-08 1.0 7.480714714347414e-09
Ses01M_impro07_F004.wav 2.7699375 2  3.1684547252552875e-07 7.155250386858825e-06 0.9999921321868896 3.4663000292312063e-07
Ses01M_impro07_F005.wav 3.55 1  3.405417814406064e-08 0.9999994039535522 4.213979991618544e-07 1.2359564038888493e-07
Ses01M_impro07_F006.wav 4.7024375 2  3.582817242886449e-08 4.802410913384847e-08 0.9999998807907104 5.399495961455614e-08
Ses01M_impro07_F007.wav 4.1375 1  2.834915903804358e-06 0.9999392032623291 5.2558883908204734e-05 5.421918558567995e-06
Ses01M_impro07_F008.wav 2.46 1  8.218386824410118e-07 0.9999970197677612 1.2004483096461627e-06 9.991017577704042e-07
Ses01M_impro07_F009.wav 4.9961875 1  4.719430819477566e-07 0.9999988079071045 3.5763562777901825e-07 3.1684760415373603e-07
Ses01M_impro07_F010.wav 1.43 0  0.9999988079071045 1.0389032922830665e-06 1.45063410172952e-07 1.4195885356116378e-08
Ses01M_impro07_F011.wav 5.9599375 0  0.9999997615814209 2.545944539633638e-07 5.515931711386202e-09 3.7547593478848285e-08
Ses01M_impro07_F012.wav 3.7099375 1  1.4783639590287834e-11 1.0 1.4554440985747874e-11 2.9631370274119107e-11
Ses01M_impro07_F013.wav 3.3899375 0  0.9999998807907104 1.3129061393613028e-08 6.28803960012192e-08 5.172400463493432e-08
Ses01M_impro07_F014.wav 11.2675 1  3.3135645338688846e-08 1.0 2.8172628674383304e-09 3.2749603917636705e-08
Ses01M_impro07_F015.wav 3.9975 0  0.9999996423721313 7.496456078115443e-08 9.402662470847645e-08 1.0407799067024825e-07
Ses01M_impro07_F016.wav 6.2399375 1  5.990134923195001e-06 0.9999940395355225 4.840048717369427e-08 6.550293640827931e-09
Ses01M_impro07_F018.wav 4.75 0  0.9999672174453735 4.495054326980608e-06 2.5716130039654672e-05 2.5313659079984063e-06
Ses01M_impro07_F020.wav 4.1 1  1.3460657068142812e-11 1.0 7.92976587171701e-11 1.8800901113724677e-10
Ses01M_impro07_F021.wav 7.2624375 1  2.4535095235478366e-06 0.999977707862854 9.240002327715047e-07 1.8851302229450084e-05
Ses01M_impro07_F022.wav 5.2599375 1  1.5626268350388273e-06 0.9999983310699463 2.462427950433721e-08 1.0530468586011921e-07
Ses01M_impro07_F023.wav 2.73 1  4.2970927438545914e-07 0.9999992847442627 9.329487227205391e-08 1.4792459523960133e-07
Ses01M_impro07_F024.wav 2.495 0  0.9999650716781616 8.235419954871759e-06 1.0451292837387882e-05 1.6250633052550256e-05
Ses01M_impro07_F025.wav 3.605 1  0.014563560485839844 0.9789987802505493 0.006300518289208412 0.0001371724356431514
Ses01M_impro07_F026.wav 5.2099375 2  2.1167696218071796e-07 0.0010147562716156244 0.9989835619926453 1.46932939060207e-06
Ses01M_impro07_F027.wav 11.62 1  1.4034658306627534e-06 0.9999966621398926 1.0845142242033035e-06 8.545766831957735e-07
Ses01M_impro07_F033.wav 2.3499375 0  0.9996403455734253 0.0003490411618258804 3.9347146412183065e-06 6.6410884755896404e-06
Ses01M_impro07_F034.wav 10.3074375 1  8.345340418713931e-09 1.0 2.4003381504655863e-09 8.280395924487038e-09
Ses01M_impro07_M000.wav 5.2988125 1  7.029572657302197e-07 0.9999990463256836 6.288034626322769e-08 1.2026181650526269e-07
Ses01M_impro07_M001.wav 6.5299375 1  3.0709944098816777e-07 0.9999995231628418 3.1006685219381325e-08 1.0696312102709271e-07
Ses01M_impro07_M002.wav 5.1299375 1  4.945906653119891e-07 0.9999958276748657 2.925071385107003e-06 6.786711423956149e-07
Ses01M_impro07_M003.wav 13.46 1  3.625988711064565e-06 0.99996018409729 2.919695725722704e-05 7.0716637310397346e-06
Ses01M_impro07_M004.wav 3.8999375 1  4.1169394535245374e-05 0.9998408555984497 2.0701272660517134e-05 9.722910908749327e-05
Ses01M_impro07_M005.wav 9.5 1  3.8138889379979446e-08 0.9999998807907104 8.543243446013093e-09 6.26352516519546e-08
Ses01M_impro07_M006.wav 4.1299375 1  1.0264943561821838e-08 1.0 3.630511516417023e-11 1.9977386411795806e-09
Ses01M_impro07_M007.wav 1.68 1  9.756691454754218e-09 1.0 6.6534853182531606e-09 1.5111458750993734e-08
Ses01M_impro07_M008.wav 4.8199375 2  0.00441599078476429 0.03580206632614136 0.9591923356056213 0.0005895241047255695
Ses01M_impro07_M009.wav 1.97 2  1.4819176996638816e-08 1.0105800640758389e-08 1.0 2.0134069966815105e-09
Ses01M_impro07_M010.wav 12.501625 1  5.3671502797669746e-09 1.0 3.8357295117918966e-09 5.735663055617124e-09
Ses01M_impro07_M011.wav 3.1375 1  8.01349597168155e-06 0.9999916553497314 1.7912810790221556e-07 1.389612265256801e-07
Ses01M_impro07_M013.wav 11.6899375 1  1.0127067895382424e-07 0.9999998807907104 1.2381883962575557e-08 1.4646526658168568e-08
Ses01M_impro07_M017.wav 2.67 1  2.8342366675815356e-08 0.9999982118606567 6.772474137051177e-08 1.6666593865011237e-06
Ses01M_impro07_M018.wav 5.705 1  9.151534868578892e-06 0.9999735355377197 8.597071428084746e-06 8.732455171411857e-06
Ses01M_impro07_M019.wav 1.34 1  1.198272093461128e-05 0.9999864101409912 9.570707106831833e-07 6.400418328667001e-07
Ses01M_impro07_M020.wav 3.86 0  0.999985933303833 9.895291441353038e-06 1.3763055903837085e-06 2.6841698854696006e-06
Ses01M_impro07_M024.wav 4.46 1  7.469708361895755e-05 0.9998836517333984 1.812741538742557e-05 2.345861867070198e-05
Ses01M_impro07_M026.wav 2.9024375 0  0.9999991655349731 1.0654606796833832e-07 5.163074661140854e-07 2.7101421551378735e-07
Ses01M_impro07_M030.wav 2.0299375 0  0.9536647796630859 0.046289797872304916 1.0383145081505063e-06 4.449652988114394e-05
Ses01M_impro07_M032.wav 3.4799375 1  6.214781933522318e-08 0.9999998807907104 9.201435169359229e-09 2.4337435178267697e-08
Ses01M_impro07_M033.wav 1.79 0  0.9999998807907104 3.192376807348296e-09 4.867793279572652e-09 1.0780208015148673e-07
Ses01M_script01_1_F004.wav 2.36325 3  1.2797993775848227e-09 4.718027746264397e-09 3.179931207242248e-09 1.0
Ses01M_script01_1_F005.wav 3.1135 3  5.45004319452147e-11 5.645054215741574e-11 4.0818938507047875e-11 1.0
Ses01M_script01_1_F006.wav 2.2131875 3  7.858497156121302e-06 1.0676944839360658e-06 1.6467387453644733e-08 0.9999910593032837
Ses01M_script01_1_F008.wav 5.00825 2  3.7986680467838596e-07 2.8786075745301787e-07 0.8175739645957947 0.18242540955543518
Ses01M_script01_1_F011.wav 3.4140625 2  3.0224813762913527e-09 2.5709289275255287e-07 0.9999997615814209 1.2824926010068793e-08
Ses01M_script01_1_F014.wav 6.2833125 2  1.6990270523820072e-08 5.735663055617124e-09 1.0 4.746462067828361e-08
Ses01M_script01_1_F015.wav 11.305 2  8.975125820143148e-05 2.4247149212897057e-06 0.999890923500061 1.6896732631721534e-05
Ses01M_script01_1_F016.wav 6.87 2  7.857383934606332e-07 2.907556790887611e-07 0.9999986886978149 2.8181005973237916e-07
Ses01M_script01_1_F017.wav 2.0375 2  4.7003354097796546e-08 4.354298033248938e-10 1.0 4.953377708005746e-10
Ses01M_script01_1_F020.wav 3.67 2  2.8020442641718546e-06 9.952045729733072e-07 0.9999949932098389 1.1772270909204963e-06
Ses01M_script01_1_F023.wav 7.7361875 2  9.201436057537649e-09 9.273604106851963e-09 1.0 1.4419454963388034e-08
Ses01M_script01_1_F024.wav 13.05 2  6.920582791281049e-07 4.5033092987978307e-07 0.9999980926513672 7.556367904726358e-07
Ses01M_script01_1_F025.wav 3.6299375 0  0.9999927282333374 1.0429630492581055e-06 2.868486490115174e-06 3.301607648609206e-06
Ses01M_script01_1_F026.wav 3.9763125 0  1.0 3.1542428391428956e-11 5.847042988671447e-11 5.170857075853519e-10
Ses01M_script01_1_F029.wav 3.1099375 2  1.571343055672969e-08 4.346450754866282e-09 1.0 1.2976104635242791e-08
Ses01M_script01_1_F030.wav 7.9399375 2  1.6536852172066574e-06 6.32590968052682e-07 0.9999957084655762 2.042028654614114e-06
Ses01M_script01_1_F031.wav 9.17 2  0.0006431267247535288 2.5181443561450578e-05 0.907360315322876 0.09197135269641876
Ses01M_script01_1_F032.wav 6.5699375 2  1.3259881370686344e-07 4.355597127414512e-08 0.9999997615814209 6.906059724087754e-08
Ses01M_script01_1_F035.wav 3.377375 1  1.960566820002896e-08 0.8710359334945679 0.1289631873369217 9.191736012326146e-07
Ses01M_script01_1_F036.wav 5.775 2  1.4819176996638816e-08 1.6990270523820072e-08 1.0 4.288071053792919e-08
Ses01M_script01_1_F037.wav 3.4099375 2  1.133839466760378e-09 2.7520010714709997e-09 1.0 4.9251740463773785e-09
Ses01M_script01_1_F039.wav 2.9224375 2  3.107192014795146e-07 1.5143244525006594e-07 0.9999988079071045 6.79999970998324e-07
Ses01M_script01_1_F040.wav 11.8625 2  6.760259338989272e-07 1.084514451576979e-06 0.9999969005584717 1.357631731480069e-06
Ses01M_script01_1_F041.wav 2.86 2  3.67440367021743e-09 2.9872688767085265e-09 1.0 1.4935405800997614e-08
Ses01M_script01_1_F042.wav 3.861 2  4.6107761590974405e-06 2.5505292100547194e-08 0.9999951124191284 2.742077356288064e-07
Ses01M_script01_1_F043.wav 3.151 3  2.856897083347576e-07 2.87282775346398e-09 2.085449368749437e-09 0.9999997615814209
Ses01M_script01_1_M000.wav 3.32125 0  0.9999998807907104 8.263004724895495e-10 1.745604355507524e-10 6.023573462243803e-08
Ses01M_script01_1_M002.wav 6.135 0  0.9937585592269897 4.8782640078570694e-05 4.060051651322283e-05 0.006152001209557056
Ses01M_script01_1_M003.wav 6.34 3  5.181739037851685e-09 8.972084941660796e-08 3.230007372678756e-09 0.9999998807907104
Ses01M_script01_1_M004.wav 4.97 3  1.8299241233421526e-08 6.511092220939929e-10 3.933780523546204e-10 1.0
Ses01M_script01_1_M005.wav 5.1199375 3  3.911382329135904e-09 1.752959910561458e-08 8.953243479936646e-09 1.0
Ses01M_script01_1_M006.wav 2.0063125 3  2.237361185208897e-09 7.1381478505827545e-09 1.3073973847976816e-10 1.0
Ses01M_script01_1_M007.wav 2.9259375 0  1.0 3.978962558742749e-12 1.5586494594987954e-10 1.3023003508916275e-10
Ses01M_script01_1_M017.wav 3.68 0  1.0 5.939120029108125e-11 1.6656674650672443e-10 6.823565601443704e-10
Ses01M_script01_1_M020.wav 12.428875 2  2.8513215966086136e-07 9.113372101410278e-08 0.9999995231628418 1.2359565459973965e-07
Ses01M_script01_1_M021.wav 3.05 2  3.4924712011275005e-09 3.5474696513659865e-09 1.0 4.519593588270254e-09
Ses01M_script01_1_M023.wav 2.3499375 2  3.0224820424251675e-09 1.450202735675532e-09 1.0 1.22376322408968e-08
Ses01M_script01_1_M024.wav 3.614625 0  0.9999992847442627 1.1430726232219968e-07 1.4850355967155338e-07 4.3647619918374403e-07
Ses01M_script01_1_M034.wav 4.3 2  1.98995020461723e-09 4.432176847757319e-09 1.0 4.083112514763343e-09
Ses01M_script01_1_M035.wav 11.1899375 2  6.059862585061637e-07 8.47927196900855e-07 0.9999977350234985 8.579223162996641e-07
Ses01M_script01_1_M037.wav 2.9499375 0  1.0 1.3730243608733872e-09 1.3759140493618816e-08 1.6596690244341517e-08
Ses01M_script01_1_M038.wav 2.6799375 0  0.999476969242096 4.662013566303358e-07 0.0005203181644901633 2.2591473225475056e-06
Ses01M_script01_1_M040.wav 2.1525 2  1.6368882915784866e-09 2.0729566674315691e-10 1.0 6.587842493743779e-10
Ses01M_script01_1_M041.wav 2.6499375 2  3.704326445586048e-07 1.2095054735539179e-08 0.9999995231628418 7.67422889680347e-08
Ses01M_script01_1_M042.wav 4.6890625 0  0.9999992847442627 6.0580629401840724e-09 1.0105793535331031e-08 6.655467359450995e-07
Ses01M_script01_2_F000.wav 2.8436875 2  2.7785929113122165e-10 1.865459037242445e-10 1.0 2.9066924422949114e-09
Ses01M_script01_2_F001.wav 4.54 0  0.9984309077262878 4.4172470126113694e-08 0.0015616387827321887 7.399705737043405e-06
Ses01M_script01_2_F004.wav 3.5199375 2  2.0055574978528057e-09 1.7492783888073404e-09 1.0 3.865813447134769e-09
Ses01M_script01_2_F005.wav 8.4399375 2  2.396011744565385e-08 3.919613789094001e-08 0.9999998807907104 3.568849038515509e-08
Ses01M_script01_2_F009.wav 13.615 2  5.032882555155993e-08 1.689352444600445e-07 0.9999996423721313 1.1430730495476382e-07
Ses01M_script01_2_F011.wav 10.319125 2  4.399972385726869e-05 1.1681559044518508e-05 0.9999227523803711 2.1527681383304298e-05
Ses01M_script01_2_F012.wav 8.99 2  3.974858918809332e-05 5.87446047575213e-05 0.9998762607574463 2.5216439098585397e-05
Ses01M_script01_2_F013.wav 4.6499375 2  5.896397965443612e-07 6.155280516395578e-07 0.9999959468841553 2.8853528419858776e-06
Ses01M_script01_2_M000.wav 4.500625 0  1.0 2.2239578234550805e-10 7.292076942277959e-10 4.3295056428860335e-09
Ses01M_script01_2_M001.wav 7.17 0  1.0 2.1600703448143577e-09 1.4333073616867864e-09 1.9555681518568235e-08
Ses01M_script01_2_M007.wav 2.5199375 0  0.9999923706054688 3.7333532532102254e-07 4.48639639216708e-06 2.6841871658689342e-06
Ses01M_script01_2_M015.wav 4.5824375 2  3.0885814794601174e-08 1.2576870211944424e-08 0.9999998807907104 5.976697536880238e-08
Ses01M_script01_2_M016.wav 5.23 2  4.4830833489939437e-11 2.3167254573075446e-11 1.0 6.677532138343878e-11
Ses01M_script01_2_M017.wav 4.05 2  3.306605433905929e-09 2.4959565525506378e-09 1.0 3.4924712011275005e-09
Ses01M_script01_3_F000.wav 3.652125 0  0.9999979734420776 9.349109859613236e-07 5.98926476413908e-07 4.5742251586489147e-07
Ses01M_script01_3_F001.wav 5.4588125 0  1.0 4.0270675683018453e-10 1.0632239089147788e-08 4.6996335711924075e-09
Ses01M_script01_3_F003.wav 8.0945 3  1.865459037242445e-10 3.2232241875540524e-10 1.0881126555339904e-10 1.0
Ses01M_script01_3_F004.wav 3.7325 0  1.0 2.9640219167959003e-09 9.949125079344867e-09 1.163170537665792e-08
Ses01M_script01_3_F005.wav 5.4831875 0  1.0 8.441192189678759e-11 2.2766974416832397e-10 3.631595468789328e-09
Ses01M_script01_3_F006.wav 5.4499375 3  4.6448813684207835e-09 8.378003180098403e-09 3.919614144365369e-08 1.0
Ses01M_script01_3_F008.wav 4.6399375 0  0.9999998807907104 3.746874366328257e-09 9.329492201004541e-08 1.6467533114905564e-08
Ses01M_script01_3_F012.wav 3.37 3  3.028842243679719e-08 2.5759550226212014e-07 5.1321471516985184e-08 0.9999996423721313
Ses01M_script01_3_F014.wav 2.0 1  1.0549498163925364e-08 0.9999998807907104 1.0864758337447711e-07 1.5052544100058185e-08
Ses01M_script01_3_F015.wav 8.5 1  1.9258102383901132e-06 0.9999924898147583 3.951506187149789e-06 1.7128511444752803e-06
Ses01M_script01_3_F016.wav 6.7049375 1  4.63783590021194e-06 0.9999872446060181 4.173600245849229e-06 3.9360802475130185e-06
Ses01M_script01_3_F018.wav 2.28225 1  1.3708501001019613e-06 0.9999204874038696 1.0548660611675587e-08 7.805574568919837e-05
Ses01M_script01_3_F019.wav 3.845 1  0.24653267860412598 0.7534646391868591 1.8885394581502624e-07 2.556623257987667e-06
Ses01M_script01_3_F021.wav 3.02975 3  6.691586174056852e-10 1.0364131775020269e-09 4.0671941370362674e-09 1.0
Ses01M_script01_3_F022.wav 3.5083125 3  2.4713317503533005e-10 2.3216013833593507e-10 5.161537863784815e-09 1.0
Ses01M_script01_3_F023.wav 2.1599375 3  6.731914581337151e-09 4.019809818345266e-09 3.2621922940734294e-08 1.0
Ses01M_script01_3_F024.wav 2.8299375 3  2.4279075278021978e-11 3.3315444153414475e-11 7.790430626986034e-12 1.0
Ses01M_script01_3_F025.wav 3.2113125 3  1.3436397827693014e-10 3.141945731366391e-11 2.940077695190446e-11 1.0
Ses01M_script01_3_F026.wav 3.4799375 0  1.0 3.0397900863121663e-10 2.600070159175516e-10 5.5059921066913375e-08
Ses01M_script01_3_F030.wav 3.1724375 1  2.4286324062927633e-09 1.0 2.565147205757512e-09 7.688087499957419e-09
Ses01M_script01_3_M000.wav 3.2685625 1  0.0008078698301687837 0.9991909861564636 1.6424557713889953e-07 1.071015731213265e-06
Ses01M_script01_3_M001.wav 2.485 0  1.0 3.016134286770722e-10 3.0700790798476874e-09 1.5558403454463132e-09
Ses01M_script01_3_M002.wav 2.8699375 1  1.85818638254176e-10 1.0 3.8047433259524865e-11 5.200467487198601e-11
Ses01M_script01_3_M004.wav 2.2109375 0  1.0 1.3129063169969868e-08 4.295813038623919e-09 4.8212079661880125e-08
Ses01M_script01_3_M006.wav 1.707125 0  0.9665987491607666 0.03339977189898491 9.619683396522305e-07 5.396153142100957e-07
Ses01M_script01_3_M007.wav 2.658 3  0.11716746538877487 1.1590763016045003e-08 6.265907614988464e-08 0.8828324675559998
Ses01M_script01_3_M009.wav 8.236125 1  1.2091448675644045e-10 1.0 1.9432727996204768e-11 1.2875124077993405e-08
Ses01M_script01_3_M014.wav 2.2618125 0  1.0 5.547519665860534e-10 2.525378128837019e-09 2.2814889977240682e-09
Ses01M_script01_3_M016.wav 2.74 1  3.70990849152264e-10 1.0 9.326708294565833e-10 7.671941415487993e-10
Ses01M_script01_3_M018.wav 4.86 1  2.0212873597103e-09 1.0 8.91833806804243e-09 1.47880541145895e-09
Ses01M_script01_3_M019.wav 2.86 1  1.8293778991651521e-10 1.0 2.992662506695609e-10 2.0810700385176517e-10
Ses01M_script01_3_M020.wav 3.9499375 0  0.9998908042907715 9.010253415908664e-05 2.114873723257915e-06 1.689673081273213e-05
Ses01M_script01_3_M021.wav 3.8899375 0  0.9999998807907104 2.2420694634206484e-08 2.1600701227697527e-09 1.6566778526794224e-07
Ses01M_script01_3_M022.wav 8.7799375 3  3.075621979320431e-10 1.22376322408968e-08 6.796962992439148e-10 1.0
Ses01M_script01_3_M023.wav 2.985875 3  0.04913054034113884 4.291056484362343e-06 7.087529638738488e-07 0.9508644342422485
Ses01M_script01_3_M024.wav 4.6189375 3  2.9311495381989516e-05 8.9556408511271e-07 5.942484904153389e-07 0.9999692440032959
Ses01M_script01_3_M025.wav 5.523625 3  8.233243420363578e-08 5.989272153783531e-07 3.8138864510983694e-08 0.9999992847442627
Ses01M_script01_3_M026.wav 2.7699375 3  7.465003615259036e-10 2.4720696600866177e-08 4.800977948526963e-10 1.0
Ses01M_script01_3_M027.wav 2.85 3  7.435900228891512e-10 2.1770121261255326e-09 5.37684063939281e-10 1.0
Ses01M_script01_3_M028.wav 13.85075 3  7.349267860945474e-10 2.1230654567716556e-07 8.625793412875282e-10 0.9999997615814209
Ses01M_script01_3_M029.wav 12.2925 3  2.7903002575158098e-08 1.3521409414352092e-07 5.9301854093973816e-08 0.9999997615814209
Ses01M_script01_3_M030.wav 6.3825 3  2.3588651032468988e-08 1.300341381238468e-07 2.1227489099828745e-08 0.9999998807907104
Ses01M_script01_3_M031.wav 10.49 3  4.036741074742167e-07 9.664744311521645e-07 3.493508131668932e-07 0.9999983310699463
Ses01M_script01_3_M032.wav 23.8589375 3  8.008779750490191e-10 5.473007824718934e-09 2.545184951685542e-09 1.0
Ses01M_script01_3_M033.wav 9.455 3  1.3812991639383654e-08 1.4140557169639578e-08 1.8476061791616871e-09 1.0
Ses01M_script01_3_M034.wav 14.25 3  5.917732526228292e-09 6.448779288348305e-09 2.595384351877783e-09 1.0
Ses01M_script01_3_M035.wav 8.0061875 3  1.0926975768654756e-08 3.1128056576790186e-08 9.23744991609965e-09 1.0
Ses01M_script01_3_M036.wav 8.3401875 3  1.4819176996638816e-08 1.7945302133171026e-08 9.456509353356068e-09 1.0
Ses01M_script01_3_M037.wav 8.0599375 0  0.9994268417358398 9.715984106151154e-07 1.6657070318615297e-06 0.0005705925868824124
Ses01M_script01_3_M038.wav 13.4699375 3  5.152234905381192e-08 2.662523534979755e-08 3.313564178597517e-08 0.9999998807907104
Ses01M_script01_3_M039.wav 8.0291875 3  4.212724391550182e-09 7.994346518103157e-09 1.3759140493618816e-08 1.0
Ses01M_script01_3_M040.wav 10.43 3  5.859348561898514e-10 2.2904185215111283e-09 2.1265815774995644e-09 1.0
Ses01M_script01_3_M041.wav 3.4499375 0  1.0 3.950356131099397e-08 9.660432453983958e-10 2.872828419597795e-09
Ses01M_script01_3_M043.wav 3.6911875 1  2.2152875367442704e-10 1.0 3.3840086982595e-11 9.039756165840629e-10
Ses01M_script02_1_F005.wav 4.6899375 2  7.197726517915726e-05 1.2194190276204608e-05 0.9999022483825684 1.3577059689851012e-05
Ses01M_script02_1_F007.wav 1.28 1  2.3546120075934596e-07 0.9999990463256836 1.895399748264026e-08 7.395762509077031e-07
Ses01M_script02_1_F008.wav 1.745 3  0.1289578080177307 9.822439324125298e-07 4.1603241697885096e-05 0.8709996342658997
Ses01M_script02_1_F009.wav 2.28 1  8.797735517873662e-08 0.999907374382019 1.3865769865617494e-08 9.250011498806998e-05
Ses01M_script02_1_F014.wav 2.3 0  1.0 4.083112514763343e-09 5.680771053562239e-08 1.1055779403079669e-08
Ses01M_script02_1_F017.wav 9.0088125 1  7.506064866902307e-05 0.6932567954063416 0.30643150210380554 0.00023668588255532086
Ses01M_script02_1_F021.wav 1.5 0  0.9999939203262329 3.3982472391613783e-09 6.0430138546507806e-06 1.0884309453729202e-08
Ses01M_script02_1_F022.wav 14.0103125 2  0.004206951707601547 1.5111229458852904e-06 0.9957888722419739 2.7577509627008112e-06
Ses01M_script02_1_F023.wav 2.2099375 0  0.9994207620620728 2.056861148957978e-06 0.0005495346267707646 2.76282116828952e-05
Ses01M_script02_1_M000.wav 5.1511875 1  1.6888487275323882e-09 1.0 5.161537863784815e-09 3.0170347997682256e-08
Ses01M_script02_1_M001.wav 12.0024375 1  5.953395643132353e-08 0.9999997615814209 6.142376918205628e-08 8.169175202965562e-08
Ses01M_script02_1_M002.wav 4.9275 1  1.1975730407343121e-09 1.0 4.354298033248938e-10 2.6362556582171237e-09
Ses01M_script02_1_M004.wav 9.9218125 1  2.0654910670714344e-08 0.9999997615814209 4.7923243151615225e-09 2.2511805752856162e-07
Ses01M_script02_1_M005.wav 10.7425 1  1.5048051693611342e-10 1.0 3.0397900863121663e-10 3.567784123692519e-10
Ses01M_script02_1_M007.wav 4.1975 1  1.986949882848421e-06 0.9999964237213135 6.252215598578914e-07 9.496321808910579e-07
Ses01M_script02_1_M009.wav 1.87 0  0.9999998807907104 3.6965477789863144e-08 1.0799672267580718e-08 7.58482414653372e-08
Ses01M_script02_1_M010.wav 6.8399375 0  0.9999996423721313 3.596838737962571e-08 8.730076928031849e-08 2.4772717210908013e-07
Ses01M_script02_1_M011.wav 5.201125 1  1.917171560394948e-10 1.0 1.3176514046531196e-10 6.758262394157555e-09
Ses01M_script02_1_M014.wav 17.4199375 1  7.732113282976627e-10 1.0 1.0342364464843712e-10 1.4445489249226284e-09
Ses01M_script02_1_M016.wav 3.5199375 1  1.7773513150132203e-07 0.9999973773956299 1.059392388924607e-06 1.3709554878005292e-06
Ses01M_script02_1_M017.wav 4.4199375 1  3.631595468789328e-09 1.0 2.268498633384297e-08 8.643949556130792e-09
Ses01M_script02_1_M022.wav 1.6875 0  0.9969543218612671 0.0030455738306045532 1.1022106782831997e-08 1.0622165547147233e-07
Ses01M_script02_1_M023.wav 2.8525 0  1.0 2.2159490242756874e-08 1.5229979055675358e-08 3.365745371297635e-08
Ses01M_script02_1_M028.wav 9.802375 0  0.9999942779541016 4.879467724094866e-06 2.1355300816594536e-07 6.276672479543777e-07
Ses01M_script02_1_M030.wav 1.6 0  0.9999873638153076 1.248443095391849e-05 1.822766826364841e-08 1.439328656260841e-07
Ses01M_script02_1_M031.wav 15.73 1  0.00018022955919150263 0.9998145699501038 1.3494541235559154e-06 3.966265921917511e-06
Ses01M_script02_1_M032.wav 8.0825 1  3.528294428178924e-06 0.9999915361404419 1.933345856741653e-06 3.0297219382191543e-06
Ses01M_script02_1_M037.wav 2.23325 0  0.9999998807907104 1.3705496293425767e-08 2.768586426782349e-08 9.402664602475852e-08
Ses01M_script02_1_M039.wav 11.868 0  0.9999998807907104 2.3222941791800622e-08 1.5409504783292505e-08 6.142377628748363e-08
Ses01M_script02_1_M040.wav 8.15925 1  4.3295056428860335e-09 1.0 2.0212873597103e-09 9.346337925819626e-09
Ses01M_script02_1_M041.wav 8.845 1  1.7432357708457857e-06 0.9999980926513672 3.541069659718232e-08 1.4281430082974111e-07
Ses01M_script02_1_M042.wav 11.2039375 1  1.4792462366131076e-07 0.9999995231628418 6.142375497120156e-08 1.9444324550477177e-07
Ses01M_script02_1_M043.wav 8.3974375 3  3.472483058430953e-06 0.00032345164800062776 1.145103510680201e-06 0.9996719360351562
Ses01M_script02_1_M044.wav 7.6524375 1  2.447680502726257e-09 1.0 4.755031479675154e-09 6.972793009651923e-09
Ses01M_script02_1_M045.wav 7.6899375 1  1.729414407236618e-07 0.9999996423721313 1.0613074152843183e-07 1.4850360230411752e-07
Ses01M_script02_1_M046.wav 8.1975 1  6.90399959424326e-10 1.0 1.0364131775020269e-09 2.069220794709281e-09
Ses01M_script02_2_F000.wav 2.3363125 0  1.0 1.6432949445643885e-09 1.2000935356581977e-08 1.6990270523820072e-08
Ses01M_script02_2_F010.wav 7.3474375 2  5.615418103843695e-07 1.8772593080029765e-07 0.9999984502792358 8.765542816036032e-07
Ses01M_script02_2_F011.wav 4.9399375 2  2.5363815439050086e-06 8.315233799294219e-07 0.9999935626983643 3.1137153655436123e-06
Ses01M_script02_2_F013.wav 4.5299375 2  7.422499503917379e-09 8.72747374369709e-10 1.0 1.873319455114597e-08
Ses01M_script02_2_F014.wav 3.25 2  2.7420870196692704e-07 1.2167937768481352e-07 0.9999986886978149 9.096939947994542e-07
Ses01M_script02_2_F015.wav 4.66 2  8.545771947865433e-07 1.1749327768484363e-06 0.9999972581863403 6.655453717030468e-07
Ses01M_script02_2_F016.wav 11.4875 2  6.400493361979898e-07 4.1003096384883975e-07 0.9999980926513672 8.090981395980634e-07
Ses01M_script02_2_F019.wav 8.8399375 3  4.3048537179402047e-08 1.1186100046245429e-08 2.4624316807830837e-08 0.9999998807907104
Ses01M_script02_2_F022.wav 9.80825 3  2.5806057735167087e-08 2.2119544951237913e-07 1.2801811521967466e-07 0.9999996423721313
Ses01M_script02_2_F024.wav 6.6654375 3  1.228552726217913e-08 3.224186428951725e-08 2.86765065027339e-08 0.9999998807907104
Ses01M_script02_2_F025.wav 2.170625 0  1.0 1.917171560394948e-10 3.235839651782868e-10 1.3026891565459664e-08
Ses01M_script02_2_F026.wav 1.911125 0  1.0 8.953243479936646e-09 5.547519665860534e-10 2.51099923076481e-08
Ses01M_script02_2_F030.wav 3.5825 2  1.975339273485588e-06 1.114576548388868e-06 0.999995231628418 1.6569174476899207e-06
Ses01M_script02_2_F031.wav 5.1478125 2  4.484421722850129e-09 8.74584138443879e-09 1.0 2.2952390210662088e-08
Ses01M_script02_2_F032.wav 7.0575 2  0.07864120602607727 1.255932693311479e-05 0.9213438034057617 2.4634364308440126e-06
Ses01M_script02_2_F033.wav 4.6396875 2  1.3788094577193988e-07 3.149497729282302e-08 0.9999997615814209 1.0907280056926538e-07
Ses01M_script02_2_F034.wav 11.6 3  7.809149771276225e-09 5.964139404568414e-09 1.0348530850023963e-06 0.999998927116394
Ses01M_script02_2_F035.wav 5.7025625 3  1.228552903853597e-08 1.1012676992550041e-08 7.3360246766185355e-09 1.0
Ses01M_script02_2_F036.wav 8.2925 3  1.943853078500979e-09 5.222380305980323e-09 9.023464642154977e-09 1.0
Ses01M_script02_2_F037.wav 2.0 0  0.9524973630905151 2.468378170306096e-06 3.176130849169567e-05 0.047468382865190506
Ses01M_script02_2_F040.wav 10.619 3  4.347735398368968e-07 1.2289161759326817e-06 1.3287751698953798e-06 0.9999970197677612
Ses01M_script02_2_F044.wav 4.3325 1  3.857694441666837e-10 1.0 6.237244054574376e-10 6.045344225213967e-10
Ses01M_script02_2_F045.wav 7.6309375 1  2.1471302513731416e-10 1.0 1.6656674650672443e-10 5.334997443817713e-10
Ses01M_script02_2_F046.wav 2.8819375 3  4.0671941370362674e-09 9.794877797730805e-09 4.5114482816188684e-08 1.0
Ses01M_script02_2_F047.wav 3.3765625 1  1.8874485308018052e-10 1.0 2.1056009713582569e-10 2.8667951346150744e-10
Ses01M_script02_2_M001.wav 8.30475 1  8.659555850165646e-10 1.0 8.72747374369709e-10 2.335593052293916e-09
Ses01M_script02_2_M002.wav 5.26125 1  3.472585063946099e-08 0.9999997615814209 1.2263384974176006e-07 8.297821096903135e-08
Ses01M_script02_2_M003.wav 4.23 1  2.2508450214786535e-08 1.0 1.601856702837523e-10 4.131242903326893e-09
Ses01M_script02_2_M008.wav 5.09 0  1.0 5.272842718007098e-10 4.589396571108573e-11 4.220330473980738e-10
Ses01M_script02_2_M013.wav 2.4199375 2  2.976509847485431e-07 2.62124402183872e-08 0.9999995231628418 7.584821304362777e-08
Ses01M_script02_2_M019.wav 8.4325 0  0.9999994039535522 1.5469808545276464e-08 2.429356413813366e-07 3.083013666582701e-07
Ses01M_script02_2_M020.wav 9.8325 0  0.9999988079071045 2.086070196583023e-07 4.416210401814169e-07 4.4508470864457195e-07
Ses01M_script02_2_M021.wav 4.7124375 0  0.9999791383743286 6.854221282992512e-06 2.2780097879149253e-06 1.1796860235335771e-05
Ses01M_script02_2_M022.wav 3.466125 0  1.0 6.575969990763042e-09 2.6673310227209868e-09 1.0105800640758389e-08
Ses01M_script02_2_M023.wav 13.865 0  0.9999897480010986 2.242716391265276e-06 8.851486086314253e-07 7.211352567537688e-06
Ses01M_script02_2_M025.wav 4.307375 0  1.0 2.020683967374204e-11 1.3355904923684214e-11 1.3837930801230414e-09
Ses01M_script02_2_M027.wav 2.81 0  1.0 3.6887848331446094e-09 5.451670670453268e-09 1.386705417161238e-08
Ses01M_script02_2_M028.wav 2.8941875 0  0.9999998807907104 8.345339530535512e-09 3.85884604270359e-08 1.1979305725162703e-07
Ses01M_script02_2_M029.wav 4.4619375 0  0.9999998807907104 3.666686121395202e-10 1.341618656169885e-07 3.465292275350862e-09
Ses01M_script02_2_M030.wav 4.502125 0  1.0 1.0754357820941252e-10 1.917171560394948e-10 7.946455160556809e-10
Ses01M_script02_2_M033.wav 6.7599375 2  8.796052861725911e-05 0.0005646822392009199 0.9992684721946716 7.8847304394003e-05
Ses01M_script02_2_M035.wav 14.2841875 2  3.287778227445415e-08 2.5208269249787918e-08 1.0 5.703005001578276e-08
Ses01M_script02_2_M037.wav 14.855 2  2.2420666212497053e-08 9.931179789646194e-08 0.9999985694885254 1.280370838685485e-06
Ses01M_script02_2_M038.wav 7.143875 2  7.320617445571997e-10 4.1874875789105204e-10 1.0 5.836505168055339e-10
Ses01M_script02_2_M039.wav 1.385 0  1.0 9.567980185920533e-09 1.127046997395631e-10 4.466938818836752e-09
Ses01M_script02_2_M040.wav 1.6549375 0  1.0 1.8048064154285726e-09 1.3180448732441619e-08 2.001943144591678e-08
Ses01M_script02_2_M041.wav 3.0069375 3  5.931069040343573e-07 5.041967732211106e-09 6.286159370816335e-10 0.9999994039535522
Ses01M_script02_2_M042.wav 3.3685625 3  3.0397900863121663e-10 7.123156509081241e-10 7.915474942166156e-10 1.0
Ses01M_script02_2_M043.wav 4.332625 3  1.702094576394586e-09 5.202020592065537e-09 4.811082199296379e-09 1.0
Ses01M_script02_2_M044.wav 6.7099375 3  6.717776335207759e-10 2.147771382965402e-08 5.191095331369411e-10 1.0
Ses01M_script02_2_M045.wav 1.8801875 3  6.6375299354048956e-12 1.5827219092615086e-12 9.001825326815371e-12 1.0
Ses01M_script02_2_M049.wav 3.5074375 1  1.4217287069850926e-11 1.0 1.2066054752568611e-11 8.985601845923341e-11
Ses01M_script02_2_M050.wav 2.1624375 1  0.20880751311779022 0.7911156415939331 2.002668907152838e-06 7.485660898964852e-05
Ses01M_script02_2_M051.wav 4.693875 0  1.0 2.8780153260576924e-10 2.850472080595523e-09 2.784440900072127e-09
Ses01M_script02_2_M052.wav 2.764 0  0.9963091015815735 4.486696525418665e-07 0.0003115314757451415 0.0033788455184549093
Ses01M_script02_2_M053.wav 6.2708125 1  3.0334058181979984e-11 1.0 2.08482727609427e-11 1.2972231622221386e-10
Ses01M_script02_2_M054.wav 2.69325 3  2.703645085588846e-10 2.1265815774995644e-09 9.251365298834635e-12 1.0
Ses01M_script03_1_F003.wav 2.838 1  1.23113821359766e-07 0.9999997615814209 7.614508490405569e-08 2.452831360244545e-08
Ses01M_script03_1_F004.wav 2.62 1  2.611026062027122e-08 1.0 9.680763746189314e-09 2.611026062027122e-08
Ses01M_script03_1_F007.wav 1.1899375 0  0.6491623520851135 0.34959885478019714 0.000485982425743714 0.0007527043344452977
Ses01M_script03_1_F008.wav 2.5299375 1  1.0264943561821838e-08 1.0 6.105581373816449e-09 1.8514946020786738e-08
Ses01M_script03_1_F009.wav 3.8824375 1  3.193329121131683e-07 0.9999995231628418 1.7667076690486283e-08 8.330295742098315e-08
Ses01M_script03_1_F010.wav 1.36 0  0.7943753004074097 0.1865735501050949 0.0012682202504947782 0.017782941460609436
Ses01M_script03_1_F011.wav 1.2975 0  0.999895453453064 3.244247636757791e-05 6.132497946964577e-05 1.0866868251468986e-05
Ses01M_script03_1_F014.wav 2.866375 1  4.9548550151712334e-08 0.9999996423721313 2.9418328040264896e-07 1.389623491832026e-07
Ses01M_script03_1_F015.wav 3.7699375 1  6.179391789373767e-07 0.9999991655349731 1.2167943452823238e-07 1.3003403864786378e-07
Ses01M_script03_1_F017.wav 3.93 0  0.9999936819076538 1.541400934002013e-06 1.6731748928577872e-06 3.041586296603782e-06
Ses01M_script03_1_F018.wav 6.2004375 1  8.413265959461569e-07 0.9999953508377075 2.010369371419074e-06 1.7810883718993864e-06
Ses01M_script03_1_F019.wav 3.3884375 1  2.8181031552776403e-07 0.9999996423721313 1.62756759181093e-08 6.906059013545018e-08
Ses01M_script03_1_F021.wav 3.09 1  2.4344622033822816e-06 0.999996542930603 2.536010583753523e-07 8.851546340338245e-07
Ses01M_script03_1_F024.wav 2.6843125 2  9.526383655611426e-05 0.12000901997089386 0.8798525929450989 4.3106836528750136e-05
Ses01M_script03_1_F030.wav 3.15 0  0.9992344379425049 0.0007628110470250249 1.1401398296584375e-06 1.601586518518161e-06
Ses01M_script03_1_F031.wav 6.25 1  5.572399913944537e-06 0.9999715089797974 9.590707122697495e-06 1.33153771457728e-05
Ses01M_script03_1_F034.wav 3.1425 1  4.682702581249032e-07 0.9999985694885254 4.944443521281983e-09 9.759590966496035e-07
Ses01M_script03_1_F036.wav 4.75 1  8.64769572217483e-06 0.9999854564666748 2.551266106820549e-06 3.288712150606443e-06
Ses01M_script03_1_F037.wav 4.6899375 1  6.760267297067912e-07 0.9999980926513672 5.183277380638174e-07 6.83995551753469e-07
Ses01M_script03_1_F038.wav 2.7699375 1  9.685196710051969e-05 0.9998606443405151 2.8406589990481734e-05 1.4117320461082272e-05
Ses01M_script03_1_F039.wav 2.8875 1  2.8062794310557138e-09 1.0 4.726545821398531e-10 8.777450988262103e-11
Ses01M_script03_1_F040.wav 2.75 1  2.976510700136714e-07 0.9999997615814209 3.9658164752154335e-08 2.057438486247065e-08
Ses01M_script03_1_F041.wav 4.8411875 1  3.926690972377855e-09 1.0 1.447589159653262e-08 2.4053898428633147e-08
Ses01M_script03_1_M004.wav 2.4499375 1  9.4906874026357e-11 1.0 8.777450988262103e-11 1.169831342906491e-09
Ses01M_script03_1_M010.wav 2.56 1  2.029198364894569e-09 1.0 1.6691730220230738e-09 2.5852657792313494e-09
Ses01M_script03_1_M011.wav 1.3325 1  6.717776335207759e-10 1.0 1.989356075704496e-11 2.2719159886719353e-11
Ses01M_script03_1_M012.wav 1.822375 1  2.779421137688587e-08 0.9999994039535522 4.503315267356811e-07 8.62836628812147e-08
Ses01M_script03_1_M013.wav 5.6499375 1  8.076231097220443e-06 0.9999772310256958 3.327450940560084e-06 1.1367087608959991e-05
Ses01M_script03_1_M014.wav 2.31 0  0.9999996423721313 5.11213897880225e-08 1.5652165785695615e-08 4.0525458189222263e-07
Ses01M_script03_1_M016.wav 6.0526875 1  1.7051676737267485e-10 1.0 3.880943566514361e-09 1.6368882915784866e-09
Ses01M_script03_1_M017.wav 3.68 1  1.7810892813940882e-06 0.9999958276748657 1.425565983481647e-06 9.385680641571525e-07
Ses01M_script03_1_M019.wav 6.3556875 1  6.629519475609413e-07 0.9999991655349731 4.091702265895947e-08 1.3156683564830018e-07
Ses01M_script03_1_M021.wav 2.73 0  0.9999994039535522 2.575954454187013e-07 1.3468688564444165e-07 2.7528213308869454e-07
Ses01M_script03_1_M022.wav 2.5899375 1  6.784713679763854e-09 1.0 6.1627378547535194e-12 2.5852657792313494e-09
Ses01M_script03_1_M028.wav 14.306625 1  7.042268634904758e-08 0.9999996423721313 5.0525805761481024e-08 1.7983062150506157e-07
Ses01M_script03_1_M029.wav 3.3744375 1  6.717776335207759e-10 1.0 9.270835488184304e-11 1.0904026570557335e-09
Ses01M_script03_1_M030.wav 3.62 1  8.49738426040858e-05 0.9998798370361328 2.169559411413502e-05 1.3418581147561781e-05
Ses01M_script03_1_M031.wav 8.91 0  0.9999997615814209 1.0185059018397169e-08 1.0166703390268594e-07 7.351462727456237e-08
Ses01M_script03_1_M033.wav 3.3 0  0.9999935626983643 1.145471856034419e-06 1.3235901406005723e-06 3.905473931808956e-06
Ses01M_script03_1_M037.wav 9.3899375 0  0.9662785530090332 0.0009639612981118262 0.03265410289168358 0.00010340251901652664
Ses01M_script03_1_M039.wav 4.33 1  2.0061554550920846e-07 0.9999995231628418 1.5994466195934365e-07 9.439462189675396e-08
Ses01M_script03_1_M040.wav 2.85 1  4.1724074861804183e-08 1.0 9.363212427615508e-10 1.1652706577436334e-09
Ses01M_script03_1_M041.wav 2.4399375 1  7.361397001659498e-05 0.9999257326126099 4.4411752497808266e-08 5.78194544686994e-07
Ses01M_script03_2_F006.wav 2.2929375 0  1.0 6.8915575468508905e-09 1.5317193069463997e-09 1.5349430171340828e-08
Ses01M_script03_2_F010.wav 2.43 0  1.0 1.3412182475747159e-09 2.6362556582171237e-09 4.414897336602053e-09
Ses01M_script03_2_F011.wav 3.75 2  1.0783282959891949e-05 5.850455977451929e-07 0.9999865293502808 2.094521732942667e-06
Ses01M_script03_2_F015.wav 2.7599375 2  5.304621186752456e-09 6.226003268494651e-09 1.0 2.3496690815250076e-08
Ses01M_script03_2_F017.wav 6.0099375 0  0.988775372505188 0.011217367835342884 3.4480751764931483e-06 3.876775281241862e-06
Ses01M_script03_2_F022.wav 1.7825 2  8.166738951764785e-10 1.052734233120134e-09 1.0 9.326708294565833e-10
Ses01M_script03_2_F023.wav 7.1443125 2  1.0429638450659695e-06 1.431141981811379e-06 0.9999934434890747 3.998088686785195e-06
Ses01M_script03_2_F024.wav 3.07 2  2.053729701856355e-07 3.035216025182308e-07 0.9999994039535522 7.322799433495675e-08
Ses01M_script03_2_F025.wav 2.2 2  2.3313834418559054e-08 4.935538910899595e-08 0.9999998807907104 4.338617287658053e-08
Ses01M_script03_2_F026.wav 3.75 2  5.551042340812273e-05 2.5069424737012014e-05 0.9998884201049805 3.1017130822874606e-05
Ses01M_script03_2_F027.wav 2.4499375 2  6.425541414500913e-07 6.513021588716583e-08 0.9999977350234985 1.5872336689426447e-06
Ses01M_script03_2_F028.wav 6.1 2  2.1737057522841496e-06 9.609589142201003e-06 0.9999853372573853 2.879692146962043e-06
Ses01M_script03_2_F029.wav 2.0025 2  1.2671730331703657e-10 7.655828748731608e-11 1.0 3.273982751572646e-10
Ses01M_script03_2_F030.wav 3.5099375 2  1.511591904090892e-06 5.873413329027244e-07 0.999996542930603 1.303073645431141e-06
Ses01M_script03_2_F031.wav 1.2199375 2  2.5497803868290703e-10 1.2378190139550327e-10 1.0 3.0516875137998056e-10
Ses01M_script03_2_F033.wav 2.5299375 2  5.9203471209912095e-06 6.337320002103297e-08 0.9999939203262329 6.987425393845115e-08
Ses01M_script03_2_F034.wav 2.8299375 2  1.858741249805007e-08 4.2457655169414465e-09 1.0 7.839721760660723e-09
Ses01M_script03_2_F035.wav 5.0099375 2  4.424187594054274e-08 1.5685105836382718e-07 0.9999996423721313 1.0992825849598375e-07
Ses01M_script03_2_F036.wav 1.6599375 2  5.557535681655068e-11 1.4699463868339535e-10 1.0 5.060193583594774e-11
Ses01M_script03_2_F037.wav 2.5899375 2  2.5155326710546433e-09 1.9667665274170076e-09 1.0 2.143260680043113e-09
Ses01M_script03_2_F038.wav 5.17 2  3.8299072002700996e-06 6.643385859206319e-06 0.9999861717224121 3.3405042358936043e-06
Ses01M_script03_2_F039.wav 9.3799375 2  3.6326773056316597e-07 2.438864328269119e-07 0.9999992847442627 1.5685100152040832e-07
Ses01M_script03_2_F040.wav 4.8974375 2  1.583667241789044e-08 1.633938317979755e-08 1.0 4.746462067828361e-08
Ses01M_script03_2_F041.wav 18.92 2  5.0419708408355746e-09 5.494428467756052e-09 1.0 3.865813447134769e-09
Ses01M_script03_2_M012.wav 3.365 0  1.0 1.2186283926407526e-10 5.37684063939281e-10 1.5803413022652535e-09
Ses01M_script03_2_M013.wav 6.2025 0  0.9973496198654175 0.0026428920682519674 1.905773501675867e-06 5.5361210797855165e-06
Ses01M_script03_2_M018.wav 2.7820625 0  1.0 2.9693733583080473e-10 2.6673310227209868e-09 2.5155326710546433e-09
Ses01M_script03_2_M022.wav 6.5236875 2  2.4873304482753156e-06 2.8180937761135283e-07 0.9999963045120239 9.330851753475145e-07
Ses01M_script03_2_M023.wav 5.148375 2  1.3363877826577664e-07 1.2603337040673068e-07 0.9999996423721313 6.023572041158332e-08
Ses01M_script03_2_M024.wav 5.6499375 2  6.276694080042944e-07 2.851316480700916e-07 0.9999977350234985 1.310732841375284e-06
Ses01M_script03_2_M025.wav 3.742125 0  0.986810564994812 8.402712410315871e-05 0.012939046137034893 0.00016645638970658183
Ses01M_script03_2_M026.wav 3.92 2  8.991967661131639e-06 2.002763176278677e-05 0.9999617338180542 9.259300895791966e-06
Ses01M_script03_2_M027.wav 6.66 2  4.917025648865092e-07 1.715954169867473e-07 0.9999986886978149 5.919491741224192e-07
Ses01M_script03_2_M028.wav 2.8199375 2  2.3496687262536398e-08 2.5907064937769064e-08 0.9999998807907104 1.3208187965574325e-07
Ses01M_script03_2_M029.wav 9.2275 2  1.376468480884796e-05 2.10296711884439e-05 0.9999550580978394 1.0109873073815834e-05
Ses01M_script03_2_M030.wav 12.4624375 2  7.886967523518251e-08 4.7836877570262004e-08 0.9999997615814209 1.0087585877727179e-07
Ses01M_script03_2_M031.wav 3.3499375 2  9.60542756445193e-09 7.1381478505827545e-09 1.0 2.4720696600866177e-08
Ses01M_script03_2_M032.wav 5.824875 2  9.833214242860322e-09 9.756691454754218e-09 1.0 1.0185061682932428e-08
Ses01M_script03_2_M033.wav 2.5525 2  1.4007256368131493e-06 1.553493120809435e-06 0.9999954700469971 1.5872301446506754e-06
Ses01M_script03_2_M034.wav 3.1674375 0  0.9999648332595825 7.071696472848998e-06 2.4110873710014857e-05 4.108802386326715e-06
Ses01M_script03_2_M035.wav 2.9975 2  3.4725857744888344e-08 1.9102674997384383e-08 1.0 1.9479440283021177e-08
Ses01M_script03_2_M036.wav 3.8399375 2  4.6351261717703096e-10 8.134899975864585e-10 1.0 1.0861516130944437e-09
Ses01M_script03_2_M037.wav 3.555 2  3.0224815983359576e-09 1.255420443158073e-07 0.9999998807907104 3.106267909558369e-09
Ses01M_script03_2_M038.wav 2.085 2  4.636509132183164e-08 3.5272702092470354e-08 0.9999997615814209 1.1430731916561854e-07
Ses01M_script03_2_M039.wav 2.1599375 2  2.565884074101632e-07 1.057473764376482e-05 0.9999886751174927 4.433449873886275e-07
Ses01M_script03_2_M040.wav 7.5799375 2  9.931124367312805e-08 6.7678483901545405e-06 0.9999929666519165 1.2263301130133186e-07
Ses01M_script03_2_M041.wav 2.2899375 2  1.1032560420787263e-09 2.053117897915513e-09 1.0 2.4765329786902157e-09
Ses01M_script03_2_M042.wav 1.72 2  1.0505232794777442e-10 1.6462618768198212e-10 1.0 1.738799104700206e-10
Ses01M_script03_2_M043.wav 14.25 2  3.562414008229098e-07 2.9765084263999597e-07 0.9999990463256836 3.479890722246637e-07
