Wav File	 Duration	 Emotion Class	 Probabilities
Ses01F_impro01_F000.wav 1.9455625 0  1.0 1.0505232794777442e-10 2.7785929113122165e-10 9.660432453983958e-10
Ses01F_impro01_F001.wav 1.3824375 0  1.0 4.990736990340139e-12 2.180942648699613e-10 5.272842718007098e-10
Ses01F_impro01_F002.wav 3.13025 0  1.0 5.260198201496868e-13 9.107935759755659e-12 6.599736729340222e-11
Ses01F_impro01_F005.wav 4.0299375 2  6.655463948845863e-07 7.614501384978212e-08 0.9999988079071045 5.358270982469548e-07
Ses01F_impro01_F012.wav 2.75 2  2.834664485362737e-07 3.3850182656891548e-09 0.9999997615814209 7.901207688121303e-09
Ses01F_impro01_F014.wav 5.07 2  0.00864410400390625 7.16193596872472e-07 0.9913473725318909 7.851672307879198e-06
Ses01F_impro01_M011.wav 7.2399375 2  1.349835019937018e-05 1.4912157894286793e-05 0.9999475479125977 2.4110457161441445e-05
Ses01F_impro01_M013.wav 6.0299375 2  3.81497420676169e-06 5.817140845465474e-06 0.9999858140945435 4.5837964535166975e-06
Ses01F_impro02_F000.wav 9.3311875 3  3.5602909509435676e-11 8.605109897211194e-13 6.794934406806341e-12 1.0
Ses01F_impro02_F001.wav 2.93 3  1.0382843196321545e-10 3.044369227198085e-13 1.4554440985747874e-11 1.0
Ses01F_impro02_F002.wav 5.7235 3  1.5349430171340828e-08 3.843802076630709e-08 2.6055422264192885e-09 1.0
Ses01F_impro02_F003.wav 5.6525 3  0.003129735589027405 6.075502057001358e-08 2.2839313373879122e-07 0.9968699812889099
Ses01F_impro02_F004.wav 5.7699375 0  0.9960775971412659 6.784552031291469e-09 4.424083499543485e-08 0.003922447562217712
Ses01F_impro02_F005.wav 2.56 3  4.4308536006898436e-11 9.37731771573358e-13 1.2995652297342897e-11 1.0
Ses01F_impro02_F006.wav 4.215 3  2.3405080540328527e-08 1.4363235045777856e-08 1.7498003046512167e-07 0.9999997615814209
Ses01F_impro02_F008.wav 3.8868125 3  7.2789352323354706e-09 1.6432949445643885e-09 7.250557487736842e-09 1.0
Ses01F_impro02_F010.wav 4.25 3  9.091521285808923e-11 8.228334680282501e-12 5.1198417033715415e-11 1.0
Ses01F_impro02_F012.wav 3.0305 3  7.45155048775814e-09 4.449523860472482e-09 4.0757537789204434e-08 1.0
Ses01F_impro02_F013.wav 6.1254375 1  5.170857075853519e-10 1.0 6.21107288864553e-12 2.122115400071678e-10
Ses01F_impro02_F014.wav 7.4 3  2.6473392722436984e-07 9.062754543265328e-06 6.6534235898529914e-09 0.999990701675415
Ses01F_impro02_F015.wav 3.587875 3  3.7096192500030156e-06 3.4445205021604863e-10 1.1032519342535352e-09 0.9999963045120239
Ses01F_impro02_F016.wav 2.1899375 3  0.37204766273498535 1.970603307199781e-06 9.947597163773025e-07 0.6279492974281311
Ses01F_impro02_F017.wav 6.6549375 1  8.56121999959214e-08 0.9999994039535522 9.550730339924485e-08 3.34657954681461e-07
Ses01F_impro02_F018.wav 3.05 3  0.001068083569407463 3.428462136412236e-08 2.583275033885002e-07 0.9989315867424011
Ses01F_impro02_F019.wav 3.059375 3  3.3195470816593797e-09 7.333834928235916e-11 1.0404694883447974e-09 1.0
Ses01F_impro02_F020.wav 4.5299375 3  1.4333073616867864e-09 2.0371404563235274e-09 1.5197993974425117e-09 1.0
Ses01F_impro02_M001.wav 5.7958125 3  2.190131809243212e-08 5.494427135488422e-09 1.7260400397844933e-07 0.9999997615814209
Ses01F_impro02_M005.wav 4.9499375 3  5.36518418812193e-05 0.00476516829803586 3.90994937333744e-05 0.9951421022415161
Ses01F_impro02_M009.wav 3.6725 3  2.3317306840908714e-07 1.6561826354788423e-09 1.910551787887016e-07 0.9999995231628418
Ses01F_impro02_M010.wav 4.2194375 3  3.8207752517394056e-09 9.565123693100475e-11 4.1387018812066856e-10 1.0
Ses01F_impro02_M011.wav 3.2199375 3  1.1675487243678617e-09 4.001747663708727e-13 1.1925480568331093e-11 1.0
Ses01F_impro02_M012.wav 4.6800625 0  0.9996562004089355 2.1769135116755933e-07 1.6051552620410803e-07 0.0003434151003602892
Ses01F_impro02_M013.wav 4.73 3  5.3253828014021565e-09 4.10649431126231e-10 4.196300640302297e-09 1.0
Ses01F_impro02_M014.wav 4.615 3  2.1182906539962687e-09 9.007200674204796e-08 1.3921326313948157e-08 0.9999998807907104
Ses01F_impro02_M015.wav 1.25 0  0.9998254179954529 1.676414285611827e-05 6.98624802453196e-08 0.00015766193973831832
Ses01F_impro03_F000.wav 2.86 1  4.6630610484044155e-09 1.0 4.0671941370362674e-09 1.1496191554272173e-08
Ses01F_impro03_F001.wav 3.4399375 1  4.763616723302277e-10 1.0 5.656934920494905e-10 2.940955701191683e-09
Ses01F_impro03_F002.wav 2.5699375 1  1.0467402056235642e-08 1.0 2.1940866901104528e-09 3.904333212290112e-08
Ses01F_impro03_F004.wav 3.7699375 1  1.0673852912645998e-08 1.0 2.7305848693259804e-09 5.871680031077631e-09
Ses01F_impro03_F005.wav 2.581625 1  4.1077203860595546e-08 1.0 8.576681587157964e-09 2.8231921689325645e-08
Ses01F_impro03_F006.wav 6.34 1  1.2705771951004863e-05 0.9999833106994629 1.03888714875211e-06 2.8020115223625908e-06
Ses01F_impro03_F008.wav 2.67 1  3.5623048461275175e-05 0.9996697902679443 4.246898606652394e-05 0.00025214997003786266
Ses01F_impro03_F009.wav 1.6999375 1  5.990470162942074e-05 0.9999006986618042 1.4396336155186873e-05 2.4874638256733306e-05
Ses01F_impro03_F010.wav 3.2049375 1  1.2333610577286436e-08 0.9999997615814209 7.856219497170969e-08 7.438119098424067e-08
Ses01F_impro03_F012.wav 2.2849375 1  2.5651465396236972e-09 0.9999997615814209 2.472438325185067e-07 6.140543074018012e-10
Ses01F_impro03_F013.wav 5.1299375 1  5.315785145398877e-08 1.0 9.382918442213395e-09 5.315785145398877e-08
Ses01F_impro03_F015.wav 4.5749375 1  6.972793009651923e-09 1.0 2.784440900072127e-09 8.643949556130792e-09
Ses01F_impro03_F016.wav 2.0524375 1  1.0530478533610221e-07 0.9999992847442627 3.1372177744515284e-08 6.27670374342415e-07
Ses01F_impro03_F017.wav 2.9825 0  0.9999935626983643 4.682679275447299e-07 3.0774394872423727e-06 2.802040398819372e-06
Ses01F_impro03_F018.wav 2.9225 1  6.738770753145218e-05 0.9999325275421143 9.164945247164269e-09 7.237002108695378e-08
Ses01F_impro03_F019.wav 1.4199375 0  1.0 4.137466411147095e-12 3.2290437684823203e-11 1.624149925660845e-09
Ses01F_impro03_F021.wav 5.46 1  5.582609219345613e-07 0.9999982118606567 2.0779360454525886e-07 9.312663564742252e-07
Ses01F_impro03_F022.wav 2.2524375 0  0.8291056156158447 0.17076176404953003 7.18504743417725e-05 6.074097109376453e-05
Ses01F_impro03_F023.wav 0.8424375 0  0.9999998807907104 6.079961534233291e-11 7.977555283034121e-10 1.3950625543657225e-07
Ses01F_impro03_F024.wav 4.4025 1  4.608734727185038e-09 1.0 1.876701682945736e-09 4.618434346070899e-08
Ses01F_impro03_F025.wav 3.93 1  1.1233222494411166e-06 0.9999988079071045 5.4418389794363975e-08 1.2407930682911683e-07
Ses01F_impro03_F026.wav 6.0099375 1  2.677770671866142e-09 1.0 3.280873128730377e-09 1.9479440283021177e-08
Ses01F_impro03_M000.wav 2.2199375 0  0.9999970197677612 5.850517368344299e-07 5.253838963881208e-08 2.378068984398851e-06
Ses01F_impro03_M001.wav 2.0599375 1  5.461513463700385e-10 1.0 3.1542428391428956e-11 6.66549815342421e-10
Ses01F_impro03_M003.wav 3.9775 1  7.449325878372548e-11 1.0 1.701586441194003e-11 5.200467487198601e-11
Ses01F_impro03_M006.wav 2.09 1  5.369496193452505e-06 0.9999891519546509 1.0530371952199857e-07 5.317314844432985e-06
Ses01F_impro03_M007.wav 2.7524375 1  8.345340418713931e-09 1.0 1.7629980808564483e-09 1.3232035911414641e-08
Ses01F_impro03_M008.wav 1.3199375 1  5.836505168055339e-10 1.0 6.322160850391612e-11 2.1894785984244436e-10
Ses01F_impro03_M009.wav 4.91 0  0.9999912977218628 2.1568025658780243e-06 1.4708115259054466e-06 5.113622592034517e-06
Ses01F_impro03_M011.wav 3.93 0  0.5490233898162842 0.4498536288738251 0.0005155287799425423 0.0006074414122849703
Ses01F_impro03_M013.wav 2.7975 1  1.7190535217537217e-08 0.9999994039535522 8.883563218375912e-09 5.539171752388938e-07
Ses01F_impro03_M014.wav 3.5874375 1  7.71817809663844e-09 1.0 2.335593052293916e-09 7.628258913427999e-09
Ses01F_impro03_M015.wav 2.18 1  1.320424547479604e-09 1.0 1.081917111456221e-09 7.250557487736842e-09
Ses01F_impro03_M016.wav 1.805 1  1.3817031003782176e-06 0.9999938011169434 5.965889613435138e-07 4.125003670196747e-06
Ses01F_impro03_M019.wav 4.79 0  0.9997097849845886 0.0002673765120562166 1.3283935231811483e-06 2.1439183910842985e-05
Ses01F_impro03_M020.wav 4.62 0  0.9999350309371948 1.1523078683239873e-05 2.684433820832055e-05 2.6635434551280923e-05
Ses01F_impro03_M021.wav 2.68 0  0.9997463822364807 0.0002251618425361812 7.795434612489771e-06 2.0780331396963447e-05
Ses01F_impro03_M022.wav 1.66 1  3.783079682850854e-10 1.0 6.261656193551346e-10 3.1675340128600737e-09
Ses01F_impro03_M023.wav 3.6899375 1  6.615601222392797e-08 0.9999998807907104 2.560523881811605e-08 4.0282696289750675e-08
Ses01F_impro03_M024.wav 2.2199375 0  1.0 6.850272571412575e-10 3.0334058181979984e-11 4.2700784574911665e-10
Ses01F_impro04_F000.wav 4.3945 0  0.6894598603248596 0.31046056747436523 3.2106367143569514e-05 4.745013211504556e-05
Ses01F_impro04_F001.wav 4.405125 1  0.005308011081069708 0.9946306943893433 8.517799869878218e-06 5.279290417092852e-05
Ses01F_impro04_F005.wav 2.4095625 3  5.9406179389043245e-06 7.868009022082845e-11 1.516598513440215e-10 0.9999940395355225
Ses01F_impro04_F006.wav 3.5565 0  0.5591537356376648 0.4393135905265808 0.0009666419355198741 0.0005660440074279904
Ses01F_impro04_F009.wav 1.3836875 0  1.0 5.6996005137754935e-12 1.4026325934057837e-10 1.7154442311095863e-09
Ses01F_impro04_F013.wav 4.2368125 0  0.9999986886978149 3.8669625723741774e-07 3.646892992037465e-07 6.083586185923195e-07
Ses01F_impro04_F014.wav 1.49 0  1.0 1.3623393524397898e-09 6.272961317055348e-11 1.1032560420787263e-09
Ses01F_impro04_F028.wav 2.0099375 0  0.9999998807907104 4.572868750329917e-09 1.7945300356814187e-08 1.0048258758388329e-07
Ses01F_impro04_F029.wav 3.1599375 2  5.8154832061063644e-08 2.545943686982355e-07 0.9999994039535522 2.6165199074057455e-07
Ses01F_impro04_F030.wav 3.1849375 1  1.2026185913782683e-07 0.9999994039535522 1.1793577670005106e-07 3.2309705488842155e-07
Ses01F_impro04_F031.wav 4.4 2  2.536380634410307e-06 1.0227909115201328e-06 0.9999932050704956 3.2504226510354783e-06
Ses01F_impro04_F032.wav 2.8999375 0  0.9996024966239929 6.082991967559792e-05 0.00019674528448376805 0.0001400593318976462
Ses01F_impro04_F033.wav 5.845 2  2.0580412183335284e-06 6.276671911109588e-07 0.999994158744812 3.113717184533016e-06
Ses01F_impro04_M000.wav 3.9156875 0  1.0 1.3176514046531196e-10 3.933780523546204e-10 6.177552247521589e-09
Ses01F_impro04_M001.wav 1.67 1  5.191095331369411e-10 1.0 1.4217287069850926e-11 9.850967819247103e-10
Ses01F_impro04_M002.wav 3.2599375 0  1.0 3.173252771659918e-10 1.773093755152999e-10 1.0323725208039036e-09
Ses01F_impro04_M003.wav 1.8 0  1.0 1.1603811661542451e-11 1.9590988831197365e-09 7.96317944917746e-09
Ses01F_impro04_M004.wav 4.6424375 0  0.9999547004699707 9.62808098847745e-06 1.0657315215212293e-05 2.4973343897727318e-05
Ses01F_impro04_M005.wav 3.34 0  0.9999967813491821 2.9881513796681247e-07 8.972057230494102e-08 2.699972810660256e-06
Ses01F_impro04_M006.wav 3.0359375 0  1.0 2.2814889977240682e-09 3.67440367021743e-09 4.1724074861804183e-08
Ses01F_impro04_M007.wav 1.1899375 0  1.0 1.120629811168783e-09 1.0305119424458553e-08 4.493859862009231e-08
Ses01F_impro04_M008.wav 1.1199375 0  1.0 1.5893909799391537e-10 3.16088155649652e-10 2.3264874471351504e-09
Ses01F_impro04_M009.wav 2.6744375 0  0.9805096387863159 0.01771480217576027 0.001003312412649393 0.0007722770678810775
Ses01F_impro04_M010.wav 1.75 0  0.999998927116394 8.245643057236407e-11 5.10139885889771e-09 1.0247962336507044e-06
Ses01F_impro04_M011.wav 3.8 0  0.9997993111610413 0.00019620834791567177 8.184727562365879e-07 3.639594751803088e-06
Ses01F_impro04_M012.wav 2.346375 0  0.9999992847442627 5.496065114130033e-07 4.044033374839273e-08 8.696037667732526e-08
Ses01F_impro04_M013.wav 3.4026875 0  1.0 2.8333957402537635e-10 2.0134069966815105e-09 1.1907543395750508e-08
Ses01F_impro04_M014.wav 7.6664375 0  0.9999868869781494 5.285448878566967e-07 1.5115773521756637e-06 1.1060587894462515e-05
Ses01F_impro04_M015.wav 6.8999375 0  0.9999183416366577 2.2560714569408447e-05 2.647938163136132e-05 3.269767330493778e-05
Ses01F_impro04_M016.wav 2.985 0  0.999998927116394 1.7056750678534627e-08 8.137320151035965e-08 9.186214811052196e-07
Ses01F_impro04_M017.wav 2.81 0  0.9999896287918091 5.976636430204962e-08 6.707602437927562e-07 9.479143045609817e-06
Ses01F_impro04_M018.wav 6.0649375 0  1.0 8.896950884351718e-12 8.55611415051527e-12 1.008457650719663e-09
Ses01F_impro04_M019.wav 1.31 0  1.0 4.244497808780778e-11 2.1724398668876432e-10 1.9327851319417277e-08
Ses01F_impro04_M020.wav 1.92 0  0.9999969005584717 2.0823067643505055e-06 2.976502173623885e-07 8.21838568754174e-07
Ses01F_impro04_M021.wav 9.73 0  0.9999545812606812 2.812897719195462e-06 6.989237135712756e-06 3.549427492544055e-05
Ses01F_impro04_M022.wav 2.3005 0  0.9999985694885254 4.3542919270223024e-10 3.6033291905823717e-09 1.4466058928519487e-06
Ses01F_impro04_M023.wav 4.5974375 3  0.046119507402181625 3.6390611057868227e-06 1.6085278957689297e-06 0.9538752436637878
Ses01F_impro04_M024.wav 2.1899375 3  1.876701682945736e-09 4.895668870297243e-10 3.926690972377855e-09 1.0
Ses01F_impro04_M025.wav 3.2 0  0.9999998807907104 3.791041258693895e-09 6.731913693158731e-09 1.3468695669871522e-07
Ses01F_impro04_M026.wav 2.4 0  0.9998688697814941 8.249495522250072e-07 3.3201027349605283e-07 0.00012994837015867233
Ses01F_impro04_M027.wav 2.6625 0  0.9999998807907104 6.731913693158731e-09 1.1496189777915333e-08 1.5932114649785944e-07
Ses01F_impro04_M028.wav 1.2399375 0  1.0 5.515933043653831e-09 3.364740708278191e-10 5.559195326299005e-09
Ses01F_impro04_M031.wav 2.8616875 3  0.02348662167787552 1.1165392606926616e-05 6.878799013065873e-06 0.9764953851699829
Ses01F_impro04_M032.wav 2.72 3  0.4361252784729004 0.0005854633054696023 2.420858436380513e-06 0.5632867813110352
Ses01F_impro05_F008.wav 2.1199375 0  1.0 1.898823764889812e-09 6.0817781921684855e-09 7.74838593287086e-09
Ses01F_impro05_F009.wav 7.3199375 2  1.9698245523613878e-05 1.1475243866243545e-07 0.9999799728393555 2.2555370549071085e-07
Ses01F_impro05_F011.wav 1.6675 1  1.3705498069782607e-08 1.0 3.926690972377855e-09 3.4455620578910384e-08
Ses01F_impro05_F012.wav 5.1199375 1  0.0781562551856041 0.9214929938316345 0.00010579304944258183 0.0002450172614771873
Ses01F_impro05_F014.wav 3.3799375 2  1.3283822930532097e-08 1.7461255552575494e-08 0.9999998807907104 1.0448535903151424e-07
Ses01F_impro05_F015.wav 15.495 2  3.4599772334331647e-05 4.486297257244587e-05 0.9998210072517395 9.95328591670841e-05
Ses01F_impro05_F016.wav 3.91 2  1.191100750475016e-06 1.5656725054213894e-06 0.9999923706054688 4.9177278924616985e-06
Ses01F_impro05_F017.wav 9.365 2  3.890115749527467e-06 1.2581997907545883e-05 0.9999595880508423 2.3923113985802047e-05
Ses01F_impro05_F018.wav 2.395 2  1.0148365845452645e-06 9.365992781340537e-08 0.9999983310699463 6.143284849713382e-07
Ses01F_impro05_F019.wav 5.3749375 2  2.233987970612361e-06 2.596150068256975e-07 0.999996542930603 9.721521792016574e-07
Ses01F_impro05_F020.wav 4.4349375 1  3.7043250245005765e-07 0.9999991655349731 3.882099406382622e-07 1.7635231586154987e-07
Ses01F_impro05_F021.wav 4.7599375 1  0.0001341532333754003 0.9994878768920898 0.0003555237490218133 2.2375510525307618e-05
Ses01F_impro05_F022.wav 3.3874375 1  0.02119477465748787 0.608015239238739 0.37040409445762634 0.0003859279095195234
Ses01F_impro05_F023.wav 1.92 2  5.102908744447632e-07 8.832954279114347e-08 0.9999963045120239 3.0834644348942675e-06
Ses01F_impro05_F024.wav 1.3799375 2  3.075621979320431e-10 5.535868985440118e-11 1.0 4.0428288494709363e-10
Ses01F_impro05_F025.wav 3.1099375 2  2.9418188773888687e-07 6.301241910477984e-07 0.9999948740005493 4.157360763201723e-06
Ses01F_impro05_F026.wav 1.4875 2  1.6183007289782836e-07 2.9818846059015414e-08 0.9999997615814209 3.174199747491002e-08
Ses01F_impro05_F028.wav 2.1175 0  0.9999996423721313 3.478854093685868e-09 7.451547823222882e-09 3.2563121976636467e-07
Ses01F_impro05_F029.wav 3.9499375 2  4.870190969086252e-05 2.4298284188262187e-05 0.9998952150344849 3.1877174478722736e-05
Ses01F_impro05_F030.wav 3.31 2  0.37747475504875183 1.491827606514562e-05 0.6223506331443787 0.00015976130089256912
Ses01F_impro05_M000.wav 1.5799375 0  0.9999994039535522 1.0048254495131914e-07 1.9983339427653846e-07 2.907558780407271e-07
Ses01F_impro05_M001.wav 1.23 0  0.9999996423721313 7.946452384999247e-10 7.00008095932958e-09 3.747992138869449e-07
Ses01F_impro05_M002.wav 1.1099375 1  0.0018682407680898905 0.9527688026428223 0.045340754091739655 2.209281774412375e-05
Ses01F_impro05_M003.wav 1.4799375 0  1.0 5.939120029108125e-11 1.6398436775144631e-10 9.98806459762136e-09
Ses01F_impro05_M004.wav 1.5199375 0  0.9999998807907104 3.1362829000514125e-10 2.461696679834091e-10 8.730079059660056e-08
Ses01F_impro05_M005.wav 4.0599375 0  0.9999619722366333 1.7847774870460853e-05 9.115750799537636e-06 1.1081934644607827e-05
Ses01F_impro05_M006.wav 1.737125 0  0.9999986886978149 2.2589771719871976e-10 3.03978620053158e-10 1.26052066207194e-06
Ses01F_impro05_M007.wav 5.8525 0  0.9999998807907104 2.3588651032468988e-08 3.843801721359341e-08 1.411507213333607e-07
Ses01F_impro05_M008.wav 1.8199375 0  1.0 1.6883446030124816e-11 2.1265815774995644e-09 1.6432949445643885e-09
Ses01F_impro05_M009.wav 5.85 3  0.01213536225259304 0.0028965098317712545 1.1800982520071557e-06 0.9849669337272644
Ses01F_impro05_M010.wav 6.1099375 0  0.999991774559021 9.496278039478057e-07 1.287886334466748e-06 5.990121735521825e-06
Ses01F_impro05_M011.wav 20.2899375 0  0.999998927116394 2.0218887186729262e-07 2.796170406327292e-07 5.873427539881959e-07
Ses01F_impro05_M012.wav 2.7599375 0  0.9999799728393555 2.3320333184528863e-06 4.91766695631668e-06 1.2730570233543403e-05
Ses01F_impro05_M013.wav 1.4399375 0  1.0 9.967087155615673e-10 4.244497808780778e-11 3.926690972377855e-09
Ses01F_impro05_M014.wav 1.4499375 0  0.9999982118606567 2.368093454663267e-08 2.443264790485955e-08 1.7432359982194612e-06
Ses01F_impro05_M015.wav 3.0225 0  0.9740366339683533 4.310609256208409e-06 1.8252267182106152e-06 0.025957196950912476
Ses01F_impro05_M016.wav 8.2374375 0  0.9983007311820984 6.466878403443843e-05 0.0009447489283047616 0.0006898444262333214
Ses01F_impro05_M017.wav 6.395 3  0.018654964864253998 9.93367939372547e-05 0.14424632489681244 0.8369992971420288
Ses01F_impro05_M019.wav 1.5299375 1  8.5741212740853e-11 1.0 1.4783639590287834e-11 6.613626868379185e-10
Ses01F_impro05_M020.wav 1.33 0  0.9999998807907104 2.8113458783174394e-10 1.577022123999683e-10 1.3815052568588726e-07
Ses01F_impro05_M022.wav 2.23 0  1.0 2.76194744158742e-11 2.8719708902724683e-11 1.8048064154285726e-09
Ses01F_impro05_M023.wav 7.31 0  0.9935085773468018 7.465700036846101e-05 0.00640249066054821 1.4304303476819769e-05
Ses01F_impro05_M024.wav 6.31 0  0.9998087286949158 1.8921886294265278e-05 7.797084253979847e-05 9.441888687433675e-05
Ses01F_impro05_M025.wav 1.3749375 0  0.9999959468841553 3.274947246723059e-08 2.8788630146436844e-08 4.0215941226051655e-06
Ses01F_impro05_M026.wav 5.7475 2  0.05838058888912201 5.402176975621842e-05 0.9412952661514282 0.0002700918703339994
Ses01F_impro05_M027.wav 1.7099375 0  0.5907628536224365 0.4088100492954254 0.0003581553464755416 6.889126234455034e-05
Ses01F_impro05_M028.wav 3.74 0  0.9752944707870483 0.024481676518917084 4.350027666077949e-06 0.00021965480118524283
Ses01F_impro05_M029.wav 6.4799375 0  0.9999536275863647 3.053368573091575e-06 3.997929525212385e-06 3.9211881812661886e-05
Ses01F_impro05_M030.wav 4.5299375 0  0.9998599290847778 1.1567309229576495e-05 2.110997047566343e-05 0.00010741486767074093
Ses01F_impro05_M031.wav 2.28 0  0.9999995231628418 8.937103501693855e-08 2.7313987516208726e-07 6.798989460321536e-08
Ses01F_impro05_M034.wav 6.5099375 0  0.9999992847442627 9.476404727593035e-08 4.897127325875772e-08 6.350691137413378e-07
Ses01F_impro05_M035.wav 6.31 0  0.9997678399085999 8.299612818518654e-05 1.3652971802002867e-06 0.00014795659808441997
Ses01F_impro06_F002.wav 1.5799375 3  4.422868460363105e-10 5.230247658583043e-12 1.8222458264549601e-10 1.0
Ses01F_impro06_F003.wav 1.33 3  5.964145621817352e-09 9.12710462763755e-11 7.537136192947713e-11 1.0
Ses01F_impro06_F004.wav 1.97 3  9.382918442213395e-09 4.501973460691033e-09 5.537521996501482e-09 1.0
Ses01F_impro06_F005.wav 6.6875 3  9.001605940284207e-05 2.683958655325114e-06 2.3586466113556526e-08 0.9999072551727295
Ses01F_impro06_F006.wav 12.0399375 1  2.167234356420522e-07 0.9991065859794617 1.2445379127257183e-07 0.0008930094772949815
Ses01F_impro06_F007.wav 8.0 1  3.326526964997356e-08 0.9999980926513672 1.5349401749631397e-08 1.9033846001548227e-06
Ses01F_impro06_F008.wav 9.91 3  0.0024325684644281864 1.2000344213447534e-05 2.656801143530174e-06 0.9975528120994568
Ses01F_impro06_F009.wav 7.5799375 3  0.0032242818269878626 0.08869144320487976 1.7250611108465819e-06 0.9080825448036194
Ses01F_impro06_F010.wav 5.8399375 3  2.9294895398379595e-09 1.2191740950129315e-07 6.2993925631360526e-09 0.9999998807907104
Ses01F_impro06_F011.wav 15.0799375 0  0.997439980506897 6.44773217572947e-06 8.457583930976398e-07 0.002552758203819394
Ses01F_impro06_F012.wav 8.97 1  2.265591092509567e-06 0.9791089296340942 4.81502820548485e-06 0.020884070545434952
Ses01F_impro06_F013.wav 1.5325 3  8.489390165777877e-05 1.1118146403532592e-09 2.5009974535805668e-08 0.9999151229858398
Ses01F_impro06_F014.wav 1.99 0  1.0 3.5613541005119487e-09 1.0609909617542712e-09 1.2333613241821695e-08
Ses01F_impro06_F015.wav 2.9814375 3  2.419525380048526e-08 1.151350976363874e-11 9.020770935785904e-11 1.0
Ses01F_impro06_F016.wav 7.5975 3  4.960762112204975e-07 0.024053525179624557 6.914292498549912e-07 0.9759452939033508
Ses01F_impro06_F018.wav 7.2 1  7.468342460015265e-07 0.9999992847442627 2.2286368306367876e-09 5.0132594964225063e-08
Ses01F_impro06_F019.wav 1.66 0  0.9994611144065857 1.0256349242121487e-10 2.3526427472830846e-09 0.0005389274447225034
Ses01F_impro06_F020.wav 15.17 3  2.8252927108951553e-07 0.0052506388165056705 2.4355546202059486e-07 0.9947488903999329
Ses01F_impro06_F021.wav 16.5849375 3  2.7737789309867367e-07 0.00022837852884549648 3.485379806988931e-08 0.9997712969779968
Ses01F_impro06_F022.wav 4.91 3  2.785260448945337e-07 3.966984877479263e-06 2.9127974698894832e-08 0.9999957084655762
Ses01F_impro06_F023.wav 4.0299375 3  1.59418419798385e-07 9.304341151705753e-13 3.658985614496402e-11 0.9999998807907104
Ses01F_impro06_F024.wav 6.8999375 3  9.812561874156245e-10 1.2333613241821695e-08 1.042659292238568e-08 1.0
Ses01F_impro06_F025.wav 18.9499375 3  0.004270403180271387 0.3814179599285126 2.708328429434914e-05 0.6142845749855042
Ses01F_impro06_F026.wav 8.7599375 1  0.0003982054768130183 0.9995827078819275 1.6303130223604967e-07 1.8917608031188138e-05
Ses01F_impro06_F027.wav 6.2199375 3  4.268803626555906e-12 3.458014707913293e-10 5.099881281167562e-11 1.0
Ses01F_impro06_F028.wav 29.1299375 1  1.0992544474675014e-07 0.9999740123748779 9.256650201905359e-08 2.5716304662637413e-05
Ses01F_impro06_M000.wav 3.28 3  6.575969990763042e-09 2.2542358604771273e-11 1.3228085293803815e-10 1.0
Ses01F_impro06_M001.wav 6.4199375 0  0.9999990463256836 6.058061607916443e-09 3.73226338723498e-09 9.496346820014878e-07
Ses01F_impro06_M002.wav 1.4399375 3  1.5414080962727894e-06 4.075747028764454e-08 3.300640472048144e-08 0.9999983310699463
Ses01F_impro06_M003.wav 6.05 3  5.475922807818279e-05 3.288547304691747e-06 6.591351393581135e-06 0.9999353885650635
Ses01F_impro06_M004.wav 1.3199375 0  0.999904990196228 1.0945664374872877e-09 1.9975487930423697e-09 9.49828972807154e-05
Ses01F_impro06_M005.wav 1.67 0  0.9999996423721313 9.794874245017127e-09 1.0364128444351195e-09 3.366246801306261e-07
Ses01F_impro06_M006.wav 1.49 0  1.0 3.687683491904181e-11 4.671479869600148e-10 4.5735518483525084e-08
Ses01F_impro06_M007.wav 1.72 0  0.9965969920158386 1.0596057364864464e-08 4.061883984718406e-08 0.003403005190193653
Ses01F_impro06_M008.wav 2.09 0  1.0 1.906255375772048e-09 1.2452789910355477e-09 8.025635267472353e-09
Ses01F_impro06_M009.wav 1.3499375 0  1.0 2.2766974416832397e-10 9.436649239802364e-10 6.918530193189554e-09
Ses01F_impro06_M010.wav 1.5899375 0  1.0 4.857570456984206e-10 3.666686676506714e-10 2.981885316444277e-08
Ses01F_impro06_M011.wav 3.31 0  0.9999983310699463 7.842049853934441e-07 1.7566462418017181e-07 7.720469739069813e-07
Ses01F_impro06_M012.wav 2.49 0  1.0 4.555041233089696e-09 6.092758519926633e-10 9.023464642154977e-09
Ses01F_impro06_M013.wav 2.7599375 3  0.0001385982322972268 2.2424205781135242e-06 1.2287451909287483e-06 0.9998579025268555
Ses01F_impro06_M014.wav 1.3 0  1.0 8.054641675858676e-11 1.3701406675892258e-10 5.917732526228292e-09
Ses01F_impro06_M015.wav 1.9599375 0  1.0 3.55922810755388e-13 2.8054418163558914e-11 4.934065933603904e-10
Ses01F_impro06_M016.wav 3.1849375 0  1.0 4.1874875789105204e-10 5.634880340110726e-10 4.736493419699173e-09
Ses01F_impro07_F000.wav 6.6399375 1  8.795923989168841e-10 1.0 1.9473625489929702e-10 3.681037696878775e-10
Ses01F_impro07_F002.wav 12.0399375 1  5.582611493082368e-07 0.9999985694885254 1.255418737855507e-07 6.893605473123898e-07
Ses01F_impro07_F003.wav 2.3799375 1  4.2880699879788153e-08 0.9999997615814209 8.152018615703582e-09 1.812410772572548e-07
Ses01F_impro07_F004.wav 5.3274375 1  6.094575155657367e-08 0.9999995231628418 8.16917378188009e-08 2.8513215966086136e-07
Ses01F_impro07_F005.wav 2.93 1  6.587842493743779e-10 1.0 6.691586174056852e-10 3.754760413698932e-08
Ses01F_impro07_F009.wav 2.2775 1  4.618434346070899e-08 1.0 6.435235677670903e-10 1.1722933734858998e-08
Ses01F_impro07_F010.wav 3.8 1  9.182111182504116e-10 1.0 1.2091448675644045e-10 2.3489676870269705e-10
Ses01F_impro07_F012.wav 5.8799375 1  1.050837017402273e-08 1.0 3.155184780112563e-09 7.628258913427999e-09
Ses01F_impro07_F013.wav 7.2 1  5.756392931766108e-11 1.0 8.423464183116014e-12 3.2106581282498325e-10
Ses01F_impro07_F016.wav 9.05 1  1.925249648593308e-08 0.9999998807907104 1.7123523932127682e-08 1.120964299161642e-07
Ses01F_impro07_M000.wav 1.81 0  0.9999992847442627 4.793753305420978e-07 3.392140968117019e-08 2.2555806822310842e-07
Ses01F_impro07_M001.wav 4.4275 1  6.03264799226011e-11 1.0 7.68579297427685e-11 1.0323725208039036e-09
Ses01F_impro07_M002.wav 5.17 1  7.292076942277959e-10 1.0 1.4615767485182118e-09 1.0715629272795013e-08
Ses01F_impro07_M003.wav 7.3799375 1  5.882281328695171e-10 1.0 2.442539781544184e-10 1.2698398998978178e-09
Ses01F_impro07_M004.wav 7.8949375 1  2.368796685914276e-06 0.999996542930603 4.313899353292072e-07 5.75981118799973e-07
Ses01F_impro07_M005.wav 5.8274375 1  3.1933259947436454e-07 0.9999985694885254 4.116359662020841e-07 6.839958928139822e-07
Ses01F_impro07_M006.wav 5.7024375 1  2.7677601877051927e-10 1.0 2.1894785984244436e-10 1.3783981733794803e-09
Ses01F_impro07_M007.wav 9.1199375 1  1.4281451399256184e-07 0.9999996423721313 1.0822398621712637e-07 9.329490069376334e-08
Ses01F_impro07_M008.wav 2.6125 1  3.0581099874638085e-09 1.0 3.581747953784742e-10 9.075136753189383e-10
Ses01F_impro07_M009.wav 6.3075 1  1.6531986446466362e-08 1.0 3.3455824777206544e-09 8.953243479936646e-09
Ses01F_impro07_M012.wav 4.4449375 0  0.9989230036735535 0.0010733023518696427 1.5977246903275955e-07 3.5940392990596592e-06
Ses01F_impro07_M013.wav 3.0625 0  0.9659284949302673 0.03358966484665871 0.0002573343808762729 0.0002244510396849364
Ses01F_impro07_M014.wav 5.0799375 1  5.940893554878812e-09 1.0 2.3489676870269705e-10 6.153467957403791e-09
Ses01F_impro07_M015.wav 10.5525 1  1.1610740813239318e-07 0.9999998807907104 1.553036277357478e-08 2.631504081307412e-08
Ses01F_impro07_M017.wav 3.570625 1  2.5705457318281333e-08 1.0 1.605228061585251e-09 4.432176847757319e-09
Ses01F_impro07_M018.wav 4.7824375 1  2.9303626547516615e-07 0.9999992847442627 6.667483631872528e-08 3.307590361600887e-07
Ses01F_impro07_M019.wav 13.145 1  2.9577967852745246e-10 1.0 5.4927885156930145e-11 1.5525727925513877e-10
Ses01F_script01_1_F005.wav 4.9488125 3  1.7837791244090795e-09 1.2285524597643871e-08 2.9823291924913065e-07 0.9999996423721313
Ses01F_script01_1_F015.wav 4.4914375 0  0.9999998807907104 1.7629978588118433e-09 2.86765065027339e-08 6.387062256862919e-08
Ses01F_script01_1_F034.wav 2.7401875 3  0.0005837836652062833 7.732721860520542e-05 6.236804438231047e-06 0.99933260679245
Ses01F_script01_1_F035.wav 2.8351875 2  9.218049101811232e-10 4.800977948526963e-10 1.0 4.501973460691033e-09
Ses01F_script01_1_F037.wav 3.4699375 2  4.468253678169276e-07 5.71498333101772e-07 0.9999957084655762 3.2567854759690817e-06
Ses01F_script01_1_F038.wav 2.8 2  1.873319277478913e-08 1.7805648511171057e-08 0.9999998807907104 1.110070613208336e-07
Ses01F_script01_1_F041.wav 9.7799375 2  1.5779532986925915e-06 2.5215622372343205e-06 0.999993085861206 2.9079744763294e-06
Ses01F_script01_1_F042.wav 3.07 2  7.409121138834962e-08 3.8891105447191876e-08 0.9999997615814209 1.2751903000207676e-07
Ses01F_script01_1_M000.wav 3.132625 0  1.0 1.561463458532586e-11 4.923703805781443e-11 5.002734226877692e-09
Ses01F_script01_1_M001.wav 3.3505625 0  1.0 4.625391389345701e-11 3.5262182063178216e-10 1.7598207335822735e-08
Ses01F_script01_1_M002.wav 11.1970625 3  0.0009528705850243568 1.3427602141291572e-08 5.0873580903498805e-08 0.9990471005439758
Ses01F_script01_1_M003.wav 1.87 3  9.146313706409614e-10 4.0733211074950315e-12 7.537136192947713e-11 1.0
Ses01F_script01_1_M004.wav 2.68 3  1.9099821724211097e-09 4.169917015850455e-12 1.0629065683165351e-10 1.0
Ses01F_script01_1_M007.wav 8.795375 3  6.760257633686706e-07 5.838228389620781e-08 2.647750307005481e-06 0.9999966621398926
Ses01F_script01_1_M010.wav 2.62 3  2.8453344569356886e-08 1.0527341220978315e-09 4.321702462561916e-08 0.9999998807907104
Ses01F_script01_1_M012.wav 3.8299375 3  2.912809904387359e-08 1.0261879540562902e-10 1.5020932275788823e-09 1.0
Ses01F_script01_1_M014.wav 1.983875 0  1.0 6.50914825511828e-12 1.6527051949211113e-10 3.100669943023604e-08
Ses01F_script01_1_M015.wav 3.3505625 0  1.0 3.3840086982595e-11 1.1358865237287574e-10 2.0773194275847118e-09
Ses01F_script01_1_M016.wav 2.4225625 3  0.12894535064697266 5.946298642811598e-06 0.0001332389219896868 0.8709154725074768
Ses01F_script01_1_M017.wav 2.9366875 0  0.9999996423721313 3.725539343690798e-08 2.2333281890496437e-08 3.7043267298031424e-07
Ses01F_script01_1_M019.wav 10.25 2  6.50214997222065e-06 2.621979774630745e-06 0.9999816417694092 9.223385859513655e-06
Ses01F_script01_1_M023.wav 2.291375 0  0.9989460110664368 6.847139502497157e-06 4.352306859800592e-06 0.001042847172357142
Ses01F_script01_1_M024.wav 9.7535 3  2.7911257802770706e-06 3.186614350170203e-08 1.310536390519701e-07 0.9999970197677612
Ses01F_script01_1_M025.wav 4.561875 3  0.0071006398648023605 2.3611553388036555e-06 1.2275293556740507e-05 0.9928846955299377
Ses01F_script01_1_M034.wav 5.653375 3  0.2861584424972534 8.520081792084966e-06 2.9276961868163198e-05 0.7138038277626038
Ses01F_script01_1_M039.wav 2.61 0  1.0 1.85818638254176e-10 1.5197993974425117e-09 2.1815939277303187e-08
Ses01F_script01_1_M040.wav 3.3799375 3  1.8365378662288379e-10 1.745604494285402e-10 6.3736487199150815e-09 1.0
Ses01F_script01_2_F003.wav 3.0299375 2  2.545184951685542e-09 1.2948853100880342e-09 1.0 6.448779288348305e-09
Ses01F_script01_2_F004.wav 1.9499375 0  0.9999997615814209 1.7056764889389342e-08 1.4677351600766997e-07 1.4449800289639825e-07
Ses01F_script01_2_F005.wav 3.75 2  7.523552336685668e-10 7.946455160556809e-10 1.0 2.9180688976282454e-09
Ses01F_script01_2_F006.wav 4.3899375 2  9.663308020435579e-08 2.699575816222932e-07 0.9999990463256836 6.425549941013742e-07
Ses01F_script01_2_F007.wav 8.8899375 2  2.6219770461466396e-06 8.766694918449502e-06 0.9999805688858032 7.997771717782598e-06
Ses01F_script01_2_F008.wav 10.7799375 2  6.733902182531892e-07 9.026128964251257e-07 0.9999966621398926 1.7880618088383926e-06
Ses01F_script01_2_F009.wav 9.1599375 2  1.0028670658357441e-06 1.1275537872279529e-06 0.9998524188995361 0.00014542632561642677
Ses01F_script01_2_F010.wav 9.81 2  3.412582429973554e-07 3.1933262789607397e-07 0.9999986886978149 5.737368269365106e-07
Ses01F_script01_2_F011.wav 3.5 2  5.917732526228292e-09 1.1814877964866355e-08 1.0 2.8121856843199566e-08
Ses01F_script01_2_F012.wav 14.14 2  4.399576937430538e-06 5.539904122997541e-06 0.9999822378158569 7.858428034523968e-06
Ses01F_script01_2_F013.wav 10.2099375 2  3.3796814022934996e-06 2.9540145987994038e-05 0.9999271631240845 3.998420652351342e-05
Ses01F_script01_2_M001.wav 5.0299375 0  1.0 1.7320200829118448e-10 7.884615182973675e-10 1.7875340319051247e-08
Ses01F_script01_2_M004.wav 2.8 0  0.9999974966049194 3.7255315277207046e-08 3.590348853776959e-07 2.1950640984869096e-06
Ses01F_script01_2_M008.wav 2.2099375 0  0.9999825954437256 9.422290645488829e-07 1.1478699889266863e-05 4.995122253603768e-06
Ses01F_script01_2_M017.wav 6.5899375 2  3.192377251437506e-09 1.8048064154285726e-09 1.0 3.4054199460342716e-08
Ses01F_script01_3_F000.wav 4.0958125 0  0.999971866607666 2.6019384677056223e-05 4.5562731543213886e-07 1.6796868749224814e-06
Ses01F_script01_3_F001.wav 4.698875 0  1.0 2.3489676870269705e-10 7.884615182973675e-10 5.3253828014021565e-09
Ses01F_script01_3_F002.wav 8.96075 1  1.8293778991651521e-10 1.0 1.1719433756773867e-10 1.2000935356581977e-08
Ses01F_script01_3_F003.wav 7.8244375 3  1.623665091265991e-11 6.768443444604699e-12 9.162827441233645e-11 1.0
Ses01F_script01_3_F004.wav 3.28 0  0.9871034026145935 0.012817888520658016 2.2184749468578957e-05 5.6429882533848286e-05
Ses01F_script01_3_F005.wav 4.5099375 3  4.432176847757319e-09 1.4585072038997282e-10 2.9872688767085265e-09 1.0
Ses01F_script01_3_F006.wav 4.8830625 3  1.7087563586315468e-09 6.784713679763854e-09 5.515933043653831e-09 1.0
Ses01F_script01_3_F007.wav 2.8843125 1  0.08681945502758026 0.8662068843841553 2.3505410354118794e-05 0.046950068324804306
Ses01F_script01_3_F008.wav 6.27 1  0.000967858184594661 0.9990285634994507 2.1716259652748704e-06 1.4075948229219648e-06
Ses01F_script01_3_F009.wav 7.0599375 1  6.943535330039552e-11 1.0 1.1072434635828188e-11 2.1056009713582569e-10
Ses01F_script01_3_F010.wav 1.402625 3  0.00012830941705033183 1.698808915762129e-08 3.790554981009109e-09 0.9998716115951538
Ses01F_script01_3_F011.wav 2.7724375 1  3.0356618481164332e-06 0.9999970197677612 1.131792615183258e-08 6.010905551079304e-09
Ses01F_script01_3_F012.wav 5.1474375 1  1.3755033223539215e-10 1.0 3.1053409843551094e-11 2.8944961011356796e-11
Ses01F_script01_3_F013.wav 1.8 1  2.069220794709281e-09 1.0 1.92120652720007e-09 8.378003180098403e-09
Ses01F_script01_3_F014.wav 4.9174375 1  1.2167922136541165e-07 0.9999973773956299 5.253840740238047e-08 2.477635689501767e-06
Ses01F_script01_3_F015.wav 3.6044375 3  2.4624316807830837e-08 7.265816037715922e-08 2.3496687262536398e-08 0.9999998807907104
Ses01F_script01_3_F016.wav 2.988625 1  1.447156977585351e-10 1.0 3.980150653504211e-10 1.9514609927995252e-09
Ses01F_script01_3_F017.wav 2.17 1  2.0176445403308207e-08 1.0 3.4187483066716595e-08 8.711745103084922e-09
Ses01F_script01_3_F019.wav 2.7699375 1  3.5538744169727465e-10 1.0 3.609839926976832e-10 5.35587796335335e-10
Ses01F_script01_3_F020.wav 7.471 1  7.469277534255525e-06 0.9999752044677734 1.1912581612705253e-05 5.400974714575568e-06
Ses01F_script01_3_F021.wav 2.7549375 1  1.9780291293791663e-10 1.0 5.0012407409871784e-11 4.5811254789640543e-10
Ses01F_script01_3_F022.wav 5.37 1  6.801122331978604e-09 0.9985104203224182 3.7345508019370754e-08 0.0014895172789692879
Ses01F_script01_3_F028.wav 2.5299375 0  0.9970247149467468 7.213802333261299e-10 8.064515277794726e-09 0.0029752333648502827
Ses01F_script01_3_F029.wav 2.2325 3  2.9171977333763977e-11 2.2495013664303176e-12 2.206650834279955e-10 1.0
Ses01F_script01_3_F030.wav 2.6 3  3.886789761570197e-12 8.880916835263264e-11 1.6428044688487908e-11 1.0
Ses01F_script01_3_F031.wav 1.56 0  1.0 2.0568248493280095e-10 1.081917111456221e-09 2.1144732187394766e-08
Ses01F_script01_3_F035.wav 3.49 1  7.449325878372548e-11 1.0 4.6351261717703096e-10 3.4115683611446457e-09
Ses01F_script01_3_M000.wav 4.5799375 1  3.3195455273471453e-09 0.9999995231628418 8.393125638939125e-10 4.247031029080972e-07
Ses01F_script01_3_M001.wav 2.80475 0  1.0 3.2867966681671135e-10 2.6673310227209868e-09 3.6392385993622156e-08
Ses01F_script01_3_M003.wav 2.3199375 0  1.0 1.1182762355010922e-10 7.92976587171701e-11 1.267551397177158e-08
Ses01F_script01_3_M004.wav 2.3 0  1.0 9.791954053151031e-11 7.76237574218186e-10 4.859020918956958e-08
Ses01F_script01_3_M005.wav 9.28 3  2.9022930903011e-06 5.10364134242991e-06 1.4593646255889325e-06 0.9999905824661255
Ses01F_script01_3_M008.wav 7.5099375 1  1.1159276627759063e-11 1.0 4.336027630696959e-12 1.2921656800113368e-10
Ses01F_script01_3_M009.wav 8.44825 1  1.5525727925513877e-10 1.0 2.789468100949932e-10 3.2937141902777967e-09
Ses01F_script01_3_M010.wav 11.257125 1  0.0003548050008248538 0.5705640912055969 7.583800470456481e-05 0.4290052652359009
Ses01F_script01_3_M015.wav 2.9599375 1  1.6368882915784866e-09 1.0 5.388156587571302e-09 1.3812991639383654e-08
Ses01F_script01_3_M016.wav 1.8799375 1  3.364740708278191e-10 1.0 1.2671730331703657e-10 4.0113673493991087e-10
Ses01F_script01_3_M017.wav 2.0625 1  1.320424547479604e-09 1.0 1.6497265775683445e-09 1.397581517181834e-08
Ses01F_script01_3_M019.wav 5.6375 1  4.608734727185038e-09 1.0 3.1306310876999532e-09 2.0176445403308207e-08
Ses01F_script01_3_M020.wav 2.3 1  1.9786197569260366e-08 1.0 1.0445417863991224e-09 3.339552989700678e-08
Ses01F_script01_3_M021.wav 3.56 0  1.0 3.326533359881978e-08 6.448779288348305e-09 5.463144248096796e-08
Ses01F_script01_3_M022.wav 2.8199375 3  4.31032776759821e-06 3.873932286069248e-08 2.2159392543130707e-08 0.9999955892562866
Ses01F_script01_3_M023.wav 7.5751875 3  2.6354685794816035e-11 6.87503092650088e-12 5.419011350760172e-10 1.0
Ses01F_script01_3_M024.wav 3.6899375 3  2.1176584791282593e-11 2.0328620731202562e-10 7.92976587171701e-11 1.0
Ses01F_script01_3_M025.wav 8.23 3  5.132148217512622e-08 1.627567947082298e-08 7.614509911491041e-08 0.9999998807907104
Ses01F_script01_3_M026.wav 3.211625 3  1.0648255714673649e-11 1.9697292841930336e-12 3.546410734522887e-11 1.0
Ses01F_script01_3_M027.wav 2.2275 3  7.179024041903403e-10 3.1485583584789367e-10 3.2680822492636707e-09 1.0
Ses01F_script01_3_M028.wav 11.062375 3  4.2534309407926685e-10 9.343547463513957e-11 3.1306310876999532e-09 1.0
Ses01F_script01_3_M029.wav 20.85 3  6.337356950325557e-08 2.073575089411861e-08 1.0949970175033741e-07 0.9999997615814209
Ses01F_script01_3_M030.wav 15.214875 3  4.196300640302297e-09 1.8118702094227501e-09 9.23744991609965e-09 1.0
Ses01F_script01_3_M032.wav 13.3199375 3  1.2211931466055148e-09 2.789468100949932e-10 3.3982678893096363e-09 1.0
Ses01F_script01_3_M033.wav 18.0983125 3  3.010698357286401e-09 4.154900312691723e-10 5.3253828014021565e-09 1.0
Ses01F_script01_3_M036.wav 10.68 3  1.6853018980356183e-10 2.3125502901510941e-10 2.9462654538292554e-10 1.0
Ses01F_script01_3_M037.wav 3.05975 3  3.280873128730377e-09 2.5155326710546433e-09 2.486225891829008e-09 1.0
Ses01F_script02_1_F000.wav 2.07 0  1.0 1.2645116724552263e-11 1.2281861638818725e-10 5.803272973281537e-09
Ses01F_script02_1_F004.wav 2.18 0  0.9999998807907104 1.6858049178836154e-08 5.0922096761496505e-08 1.2167951979336067e-07
Ses01F_script02_1_F006.wav 2.97 2  0.014142990112304688 5.252405389910564e-05 0.9857075810432434 9.69846296356991e-05
Ses01F_script02_1_F007.wav 1.8199375 2  1.756824531184975e-05 1.2240680916875135e-05 0.9998012185096741 0.00016897737805265933
Ses01F_script02_1_F008.wav 1.37 0  1.0 4.799544876116224e-12 8.507396870305328e-11 3.7910417027831045e-09
Ses01F_script02_1_F009.wav 1.7825 0  0.9957636594772339 0.004233634099364281 3.0460640232377045e-07 2.3865741241024807e-06
Ses01F_script02_1_F010.wav 1.92 0  1.0 4.671479869600148e-10 1.6115107026593023e-09 3.934955117301797e-08
Ses01F_script02_1_F015.wav 2.3245 0  1.0 5.723617135799941e-10 1.4110859147820065e-09 1.1722933734858998e-08
Ses01F_script02_1_F024.wav 2.61 0  1.0 3.391130709573531e-10 2.151649081127971e-09 1.2501528701136522e-09
Ses01F_script02_1_F025.wav 2.4699375 0  1.0 1.0081565790520663e-11 4.934065933603904e-10 1.675706018389178e-09
Ses01F_script02_1_M002.wav 3.0399375 1  2.6211809611709214e-08 0.9999754428863525 2.4598686650278978e-05 3.1922988696919674e-09
Ses01F_script02_1_M007.wav 3.5299375 1  3.562414008229098e-07 0.9999990463256836 8.730071243689963e-08 5.122894890519092e-07
Ses01F_script02_1_M008.wav 1.55 0  1.0 8.558668773694933e-10 3.666686676506714e-10 9.871699901964348e-09
Ses01F_script02_1_M009.wav 1.72 0  0.9999997615814209 1.4170315409955947e-07 3.43212818165739e-08 1.260333846175854e-07
Ses01F_script02_1_M010.wav 1.1299375 1  5.97842790739378e-06 0.9999908208847046 5.484475806838418e-08 3.1875460990704596e-06
Ses01F_script02_1_M011.wav 6.7215625 0  0.9999990463256836 8.798541983878749e-08 1.8481561880889785e-07 5.560850127039885e-07
Ses01F_script02_1_M013.wav 3.98725 0  0.9995520710945129 0.00012002724542981014 4.774354238179512e-05 0.00028016394935548306
Ses01F_script02_1_M014.wav 10.4878125 0  0.9999878406524658 1.132289253291674e-05 7.153084169431168e-08 7.453684816027817e-07
Ses01F_script02_1_M015.wav 6.7015 1  3.320534176509682e-07 0.9999988079071045 3.320534176509682e-07 4.398993382892513e-07
Ses01F_script02_1_M016.wav 5.7599375 1  8.152020392060422e-09 1.0 4.476340009773594e-08 2.8788747385988245e-08
Ses01F_script02_1_M020.wav 1.8899375 1  4.954856791528073e-08 1.0 4.782260698554808e-10 2.698772538778371e-09
Ses01F_script02_1_M021.wav 2.2099375 0  1.0 9.218049101811232e-10 9.58525481209449e-10 6.758262394157555e-09
Ses01F_script02_1_M023.wav 1.93 0  0.9999977350234985 2.1233781808405183e-06 5.092199018008614e-08 1.2120487724587292e-07
Ses01F_script02_1_M024.wav 12.86 1  3.4735473946057027e-06 0.9999783039093018 3.5007906262762845e-06 1.4767694665351883e-05
Ses01F_script02_1_M025.wav 13.09225 1  4.188736824062289e-08 0.9999997615814209 4.205131176604482e-08 2.110661938559133e-07
Ses01F_script02_1_M026.wav 5.1524375 1  1.5229979055675358e-08 1.0 7.901209464478143e-09 5.1724011740361675e-08
Ses01F_script02_1_M029.wav 7.3775 1  1.1818339089586516e-06 0.9999942779541016 1.448013108529267e-06 3.138138708891347e-06
Ses01F_script02_1_M031.wav 7.0099375 1  0.00014883704716339707 0.999841570854187 1.360074634249031e-06 8.202299795811996e-06
Ses01F_script02_1_M032.wav 6.6575 3  0.21771080791950226 0.0038989472668617964 0.06454400718212128 0.7138462066650391
Ses01F_script02_1_M033.wav 2.27 0  0.9999980926513672 6.577920999006892e-07 4.5209347376840014e-07 7.196267688414082e-07
Ses01F_script02_1_M034.wav 5.54 0  0.9965993762016296 0.0030924330931156874 0.00021754737826995552 9.068723738892004e-05
Ses01F_script02_1_M035.wav 7.324 1  1.1358865237287574e-10 1.0 2.1555338070022856e-10 1.876701682945736e-09
Ses01F_script02_1_M036.wav 8.2725 1  1.0760749091787147e-06 0.9999970197677612 5.285502311380696e-07 1.4311470977190766e-06
Ses01F_script02_1_M038.wav 14.6225 1  1.6182994500013592e-07 0.999998927116394 1.3574319268627733e-07 8.886211730896321e-07
Ses01F_script02_1_M040.wav 7.4148125 1  5.1121396893449855e-08 0.9999997615814209 3.9349540514876935e-08 2.3362899526091496e-07
Ses01F_script02_1_M043.wav 2.939 1  9.075136753189383e-10 1.0 3.471549159250742e-10 9.660432453983958e-10
Ses01F_script02_1_M044.wav 3.6883125 3  1.1678972100526153e-07 1.020344919666627e-09 5.494428023666842e-09 0.9999998807907104
Ses01F_script02_2_F000.wav 2.478125 0  1.0 6.127648388698503e-11 1.6527051949211113e-10 5.121370438843087e-09
Ses01F_script02_2_F001.wav 1.8725 2  0.063250333070755 6.886458692179076e-08 0.9367465972900391 2.962713551823981e-06
Ses01F_script02_2_F006.wav 6.2899375 2  1.093019363906933e-06 8.545759442313283e-07 0.9999958276748657 2.233986378996633e-06
Ses01F_script02_2_F008.wav 5.9945 2  2.725663428293501e-08 3.667781101057699e-08 0.9999998807907104 5.4631435375540605e-08
Ses01F_script02_2_F009.wav 4.2 2  2.7313939199302695e-07 5.884024290025991e-08 0.9999977350234985 1.862926978901669e-06
Ses01F_script02_2_F010.wav 3.6105 2  1.833773666248817e-07 5.223934635978367e-07 0.9999990463256836 2.373079439621506e-07
Ses01F_script02_2_F015.wav 10.4971875 2  1.5025410959879082e-07 1.2902216894872254e-07 0.9999996423721313 7.351461306370766e-08
Ses01F_script02_2_F016.wav 3.17 2  1.4908476941855042e-07 2.1272151684570417e-07 0.9999992847442627 3.9125472994783195e-07
Ses01F_script02_2_F017.wav 6.9499375 0  0.9999537467956543 9.07742645495091e-08 9.1486214159886e-08 4.606772927218117e-05
Ses01F_script02_2_F019.wav 16.2710625 3  5.477806553244591e-06 0.013108002953231335 4.241829810780473e-05 0.9868440628051758
Ses01F_script02_2_F022.wav 6.3749375 3  2.2684982781129293e-08 2.452831537880229e-08 1.0509937453662133e-07 0.9999998807907104
Ses01F_script02_2_F023.wav 2.3244375 3  1.9287258457012513e-09 2.4757937019947995e-11 2.923337405480453e-10 1.0
Ses01F_script02_2_F026.wav 1.84175 3  6.588826373388201e-09 1.5252922189179507e-11 1.8874485308018052e-10 1.0
Ses01F_script02_2_F034.wav 4.4699375 3  3.645809210084394e-09 5.170857075853519e-10 2.053117897915513e-09 1.0
Ses01F_script02_2_F035.wav 13.542625 3  3.1565803055855213e-06 6.179361662361771e-07 2.006444447033573e-06 0.9999942779541016
Ses01F_script02_2_F036.wav 2.17 3  3.0516875137998056e-10 5.951619752586623e-10 4.6448813684207835e-09 1.0
Ses01F_script02_2_F040.wav 9.9895 3  1.267551219541474e-08 1.2925513992456672e-08 9.11337494358122e-08 0.9999998807907104
Ses01F_script02_2_F041.wav 5.6155 1  1.5652169338409294e-08 0.9999998807907104 9.273603218673543e-09 1.4393467040463293e-07
Ses01F_script02_2_F042.wav 6.23 1  3.956307156882666e-11 1.0 6.835885330014335e-11 3.623968347632456e-10
Ses01F_script02_2_F043.wav 3.8349375 1  3.1561236824018124e-07 0.999998927116394 3.119353664260416e-07 3.386026321550162e-07
Ses01F_script02_2_F044.wav 2.1350625 1  6.653483541896321e-09 0.9999997615814209 5.838246508460543e-08 2.410451713785733e-07
Ses01F_script02_2_F045.wav 4.593 1  1.5437326972289611e-09 1.0 2.0134069966815105e-09 1.7736232038600974e-08
Ses01F_script02_2_F046.wav 2.524 3  2.3631243628585707e-09 4.380540374882003e-09 7.307423999236562e-09 1.0
Ses01F_script02_2_F047.wav 2.9458125 1  3.5667189687837997e-12 1.0 4.725134779975937e-12 1.8293778991651521e-10
Ses01F_script02_2_M000.wav 3.0974375 1  0.009316772222518921 0.9671894311904907 2.561266956035979e-05 0.023468155413866043
Ses01F_script02_2_M001.wav 2.4399375 0  0.9979693293571472 0.002023431472480297 3.3078231354011223e-06 3.958945853810292e-06
Ses01F_script02_2_M002.wav 2.423125 1  3.161825290476372e-08 1.0 9.812561874156245e-10 5.222380305980323e-09
Ses01F_script02_2_M006.wav 6.8899375 0  0.9999997615814209 5.825985027740899e-09 3.8438010108166054e-08 2.8513224492598965e-07
Ses01F_script02_2_M016.wav 15.635 0  0.9998409748077393 2.1610168914776295e-05 1.379002151224995e-05 0.00012363141286186874
Ses01F_script02_2_M017.wav 5.4925 0  0.9999997615814209 1.9941376550036694e-08 6.3240470637992985e-09 1.8919853062016045e-07
Ses01F_script02_2_M019.wav 10.555 0  0.9999386072158813 1.0698854566726368e-05 1.0952570846711751e-05 3.975106665166095e-05
Ses01F_script02_2_M021.wav 5.08725 0  1.0 7.07837055028554e-13 4.336027630696959e-12 3.2485042433805233e-10
Ses01F_script02_2_M022.wav 5.3623125 0  1.0 1.862097143146002e-09 1.052734233120134e-09 4.618434346070899e-08
Ses01F_script02_2_M023.wav 2.9599375 0  0.9999998807907104 2.8393585260744203e-09 4.115136231774841e-09 7.825592263088765e-08
Ses01F_script02_2_M024.wav 1.8299375 0  0.9999998807907104 9.60542667627351e-09 2.0097782993389046e-08 6.26352516519546e-08
Ses01F_script02_2_M026.wav 3.990375 1  9.149042767830906e-08 0.9999997615814209 6.3985932108323595e-09 1.2407942051595455e-07
Ses01F_script02_2_M033.wav 3.0249375 0  1.0 6.127648388698503e-11 2.6513519157944643e-10 8.393129524719711e-10
Ses01F_script02_2_M037.wav 2.892 3  1.0949968753948269e-07 7.948825242465318e-08 2.0457235905269044e-07 0.9999996423721313
Ses01F_script02_2_M038.wav 3.624375 3  1.0105800640758389e-08 5.461513463700385e-10 8.711745103084922e-09 1.0
Ses01F_script02_2_M040.wav 6.7799375 1  0.032283127307891846 0.9677128195762634 3.0304565257210925e-07 3.7353702282416634e-06
Ses01F_script02_2_M042.wav 4.2586875 1  4.363462036138799e-09 1.0 3.3195470816593797e-09 4.406940590229169e-08
Ses01F_script02_2_M043.wav 1.4023125 3  6.617872713832185e-05 3.845121682388708e-05 6.878417480038479e-08 0.9998953342437744
Ses01F_script02_2_M044.wav 3.1759375 1  0.004177576396614313 0.9869062304496765 3.765636938624084e-05 0.008878543972969055
Ses01F_script02_2_M046.wav 1.8901875 3  4.863768410245939e-08 6.87503092650088e-12 3.8949701103296874e-11 1.0
Ses01F_script02_2_M047.wav 4.2345625 0  0.9999786615371704 1.4699150230335079e-10 1.555807149777877e-09 2.1371777620515786e-05
Ses01F_script02_2_M048.wav 7.0 1  6.796962992439148e-10 1.0 1.5741801195900962e-09 3.451782859542618e-09
Ses01F_script02_2_M049.wav 2.4855 1  1.783247334519178e-11 1.0 2.8944961011356796e-11 2.7462213059159524e-10
Ses01F_script03_1_F005.wav 6.4699375 1  4.3792327403258113e-11 1.0 1.9626358871427385e-10 3.1485583584789367e-10
Ses01F_script03_1_F006.wav 2.5339375 1  5.496063977261656e-07 0.9999990463256836 1.0367216418671887e-07 2.0942351852681895e-07
Ses01F_script03_1_F007.wav 2.1899375 1  7.029561857052613e-07 0.9999974966049194 3.6044011153535394e-07 1.392545073031215e-06
Ses01F_script03_1_F010.wav 2.5299375 1  1.2073256527855847e-07 0.9999995231628418 1.2120509040869365e-07 1.9520427940733498e-07
Ses01F_script03_1_F011.wav 3.79 1  3.747989012481412e-07 0.9999988079071045 4.06840371169892e-07 4.5386323677121254e-07
Ses01F_script03_1_F012.wav 1.5199375 1  1.3844107797922334e-06 0.9999984502792358 4.0757473840358216e-08 8.105591575713333e-08
Ses01F_script03_1_F020.wav 4.5799375 1  3.987336849586853e-11 1.0 1.2352193053122296e-11 2.76194744158742e-11
Ses01F_script03_1_F021.wav 3.9674375 1  7.642031452093079e-10 1.0 1.2999532561508431e-09 9.547884705085607e-10
Ses01F_script03_1_F022.wav 9.1599375 1  7.294249826372834e-08 0.9999992847442627 1.3311772306678904e-07 5.285514248498657e-07
Ses01F_script03_1_F024.wav 5.07 1  5.474634008351131e-07 0.9999985694885254 2.1776590131139528e-07 5.737367700930918e-07
Ses01F_script03_1_F029.wav 12.2099375 1  6.047147849130852e-08 0.9999997615814209 4.205131176604482e-08 7.525797229845921e-08
Ses01F_script03_1_F030.wav 7.18 1  1.1472047756200254e-09 1.0 2.641015184323692e-10 3.6381522794393106e-10
Ses01F_script03_1_M005.wav 2.66 0  0.9999979734420776 1.851490871729311e-08 3.471542220356838e-10 2.0620727809728123e-06
Ses01F_script03_1_M007.wav 6.275 1  1.1516947395762145e-09 1.0 8.558668773694933e-10 1.5680430287545732e-09
Ses01F_script03_1_M008.wav 5.2641875 1  1.790761317010947e-09 1.0 5.283940396338949e-09 2.1646165748734347e-08
Ses01F_script03_1_M009.wav 2.05 1  4.983230272870287e-09 1.0 8.795923989168841e-10 6.8915575468508905e-09
Ses01F_script03_1_M010.wav 8.0599375 1  1.7026019349941635e-07 0.9999995231628418 9.931189026701759e-08 2.586036771390354e-07
Ses01F_script03_1_M013.wav 10.198 1  4.4162101175970747e-07 0.9999986886978149 4.0210048268818355e-07 5.306198431753728e-07
Ses01F_script03_1_M018.wav 2.4476875 0  1.0 3.046187524446964e-09 1.9821919661211496e-09 3.784209567925245e-08
Ses01F_script03_1_M021.wav 3.9924375 0  0.8725605607032776 0.12743468582630157 2.157674543923349e-06 2.562302142905537e-06
Ses01F_script03_1_M024.wav 12.5849375 1  1.58116381498985e-05 0.9999231100082397 1.696340950729791e-05 4.40857584180776e-05
Ses01F_script03_1_M025.wav 7.5799375 1  2.4388620545323647e-07 0.9999983310699463 3.256307934407232e-07 1.0930220923910383e-06
Ses01F_script03_1_M026.wav 16.6299375 1  7.512124966524425e-07 0.9999852180480957 2.5658752633717086e-07 1.3873061107005924e-05
Ses01F_script03_1_M034.wav 4.27 1  7.014814684680459e-08 0.9999997615814209 1.3652061703339768e-08 8.10560223385437e-08
Ses01F_script03_1_M036.wav 5.1824375 1  9.715752508077102e-11 1.0 1.1447953696119839e-10 8.934439854613174e-10
Ses01F_script03_1_M037.wav 5.0525 1  8.592166422793923e-10 1.0 7.012722069710264e-10 3.0224820424251675e-09
Ses01F_script03_2_F000.wav 5.25 1  4.38975966687849e-08 1.0 4.115136675864051e-09 8.780071780734033e-09
Ses01F_script03_2_F001.wav 4.07 1  4.288070698521551e-08 0.9999998807907104 3.828816019790793e-08 1.2505260826856102e-07
Ses01F_script03_2_F002.wav 3.8199375 1  2.551283159846207e-06 0.9999921321868896 2.8461622605391312e-06 2.4727883101149928e-06
Ses01F_script03_2_F004.wav 5.6499375 2  2.8164049581391737e-05 0.12505187094211578 0.8748400807380676 7.991911843419075e-05
Ses01F_script03_2_F005.wav 2.0324375 0  0.9999997615814209 2.2420692857849644e-08 3.1249882681549934e-08 2.238028571355244e-07
Ses01F_script03_2_F013.wav 2.0785 2  3.4115683611446457e-09 8.152020392060422e-09 1.0 3.058566733216139e-08
Ses01F_script03_2_F014.wav 2.18 2  1.902251967056401e-10 2.3348958183566637e-11 1.0 6.970711508014205e-11
Ses01F_script03_2_F015.wav 4.7488125 0  0.9999988079071045 5.658617041603975e-08 2.4293549927278946e-07 9.349117249257688e-07
Ses01F_script03_2_F016.wav 4.5899375 1  4.983982080375426e-07 0.9998522996902466 0.00014468262088485062 2.5113779429375427e-06
Ses01F_script03_2_F017.wav 1.7699375 2  1.109573752322568e-10 1.570873986445065e-10 1.0 5.859348561898514e-10
Ses01F_script03_2_F018.wav 1.8399375 2  3.886789761570197e-12 4.990736990340139e-12 1.0 7.537136192947713e-11
Ses01F_script03_2_F021.wav 8.5165625 2  2.457991286064498e-07 1.6959630499968625e-07 0.9999988079071045 8.122653980535688e-07
Ses01F_script03_2_F022.wav 2.6299375 2  3.439350280132203e-07 8.330295031555579e-08 0.9999994039535522 6.094574445114631e-08
Ses01F_script03_2_F023.wav 2.2399375 2  1.0166703390268594e-07 4.4588873038264865e-08 0.9999997615814209 1.6341817854481633e-07
Ses01F_script03_2_F024.wav 4.3499375 2  1.0168188282477786e-06 7.02955503584235e-07 0.999996542930603 1.7296671330768731e-06
Ses01F_script03_2_F025.wav 2.8799375 2  5.954273660790932e-07 3.667773995630341e-08 0.9999979734420776 1.3763220749751781e-06
Ses01F_script03_2_F026.wav 5.85 2  1.0910252058238257e-05 7.542564162577037e-06 0.9999735355377197 8.029017408262007e-06
Ses01F_script03_2_F027.wav 1.9768125 2  6.585875941822472e-12 9.416829815922512e-11 1.0 9.433832187655256e-12
Ses01F_script03_2_F028.wav 2.4699375 2  1.7046586581540013e-12 7.476248895139925e-13 1.0 1.1115770630343302e-11
Ses01F_script03_2_F029.wav 3.05 2  1.609178798389621e-05 5.5728767620166764e-05 0.9999078512191772 2.022308217419777e-05
Ses01F_script03_2_F030.wav 1.3874375 0  1.0 3.775134371775124e-11 4.163644984345183e-09 4.019809818345266e-09
Ses01F_script03_2_F031.wav 3.6524375 2  1.8304423292647698e-06 5.74936257180525e-06 0.999984622001648 7.797291800670791e-06
Ses01F_script03_2_F032.wav 2.5668125 2  1.9632219405707474e-08 3.589286201588493e-09 1.0 2.5605242370829728e-08
Ses01F_script03_2_F034.wav 5.056 2  0.11240409314632416 5.152448352419015e-07 0.8875870108604431 8.380849976674654e-06
Ses01F_script03_2_F035.wav 3.9375 2  4.803790488949744e-06 1.3391853599387105e-06 0.9999884366989136 5.3799899433215614e-06
Ses01F_script03_2_F036.wav 8.8299375 2  4.664448738367355e-07 2.873683513371361e-07 0.9999990463256836 2.616518770537368e-07
Ses01F_script03_2_F037.wav 10.3499375 2  1.5808122100224864e-07 7.856216655000026e-08 0.9999994039535522 3.807013513323909e-07
Ses01F_script03_2_F038.wav 5.4249375 2  1.5960877064458145e-08 5.420627857688487e-08 0.9999996423721313 2.526131481772609e-07
Ses01F_script03_2_F039.wav 1.99 1  9.660432453983958e-10 1.0 8.659555850165646e-10 4.878038595279577e-08
Ses01F_script03_2_F040.wav 18.43 2  4.840075717993386e-08 5.1321471516985184e-08 0.9999996423721313 2.345433642858552e-07
Ses01F_script03_2_M001.wav 6.4524375 0  0.9999548196792603 3.452657324487518e-07 1.8375518493485288e-06 4.306587652536109e-05
Ses01F_script03_2_M002.wav 4.3799375 1  2.313922550456482e-06 0.9999960660934448 3.2946846317827294e-07 1.3030730769969523e-06
Ses01F_script03_2_M004.wav 4.23 2  1.303201133850962e-05 1.6603211406618357e-05 0.9999450445175171 2.5316876417491585e-05
Ses01F_script03_2_M007.wav 2.5993125 3  3.5079667668469483e-06 6.5774315771705e-08 0.0018748550210148096 0.9981215596199036
Ses01F_script03_2_M010.wav 2.6899375 0  1.0 1.320424547479604e-09 1.8476061791616871e-09 1.6924031953635676e-08
Ses01F_script03_2_M011.wav 3.5364375 0  0.9999810457229614 1.205127432513109e-06 3.844877028313931e-06 1.3927300642535556e-05
Ses01F_script03_2_M014.wav 2.25 2  2.2420689305135966e-08 1.8260802869818349e-09 0.9999996423721313 3.829386798770429e-07
Ses01F_script03_2_M016.wav 3.3499375 0  0.9999994039535522 3.242647705903323e-09 3.083013666582701e-07 2.8624810965993674e-07
Ses01F_script03_2_M018.wav 2.9820625 0  0.9999980926513672 4.4162072754261317e-07 3.256307081755949e-07 1.1233214536332525e-06
Ses01F_script03_2_M019.wav 1.37 0  0.9999996423721313 1.464652310545489e-08 1.8772614396311837e-07 8.395632988822399e-08
Ses01F_script03_2_M020.wav 5.09 2  1.992424404306803e-05 0.0031701934058219194 0.9967445135116577 6.532907718792558e-05
Ses01F_script03_2_M021.wav 3.1920625 2  7.153167302931251e-08 8.527842965122545e-08 0.9999995231628418 3.6326781582829426e-07
Ses01F_script03_2_M022.wav 7.28 2  4.935536779271388e-08 4.8400746521792826e-08 0.9999994039535522 4.2719887005659984e-07
Ses01F_script03_2_M023.wav 3.72 2  7.556368473160546e-07 2.1355384660637355e-07 0.9999982118606567 8.170382557182165e-07
Ses01F_script03_2_M024.wav 12.75 2  9.91325464383408e-07 8.479254915982892e-07 0.9999957084655762 2.501945800759131e-06
Ses01F_script03_2_M025.wav 4.49 3  1.2432276434992673e-06 1.2432276434992673e-06 0.00014091820048633963 0.9998565912246704
Ses01F_script03_2_M026.wav 9.139375 2  8.381363841181155e-06 2.612073512864299e-05 0.9999532699584961 1.226647691510152e-05
Ses01F_script03_2_M027.wav 14.8399375 1  3.3596731441321026e-07 0.9999980926513672 6.786726771679241e-07 8.680355563228659e-07
Ses01F_script03_2_M029.wav 5.077625 2  2.656699962244602e-06 5.712802703783382e-06 0.9555606245994568 0.044431064277887344
Ses01F_script03_2_M030.wav 2.32575 2  1.3762526123173302e-06 3.089341589657124e-06 0.9999474287033081 4.813702980754897e-05
Ses01F_script03_2_M031.wav 4.2596875 2  2.4104505769173556e-07 3.7401193253572274e-08 0.9999992847442627 4.803125079888559e-07
Ses01F_script03_2_M032.wav 2.9493125 2  4.7642604528164156e-08 1.5800830643897257e-09 0.9998365640640259 0.00016346470511052758
Ses01F_script03_2_M033.wav 5.6708125 2  1.318044695608478e-08 1.4251461344372274e-08 0.9999998807907104 1.0509937453662133e-07
Ses01F_script03_2_M034.wav 3.1775 2  8.166738951764785e-10 5.547519665860534e-10 1.0 5.170857075853519e-10
Ses01F_script03_2_M035.wav 2.3425 2  4.907432185063954e-07 4.6365052241981175e-08 0.999998927116394 4.831349542655516e-07
Ses01F_script03_2_M036.wav 4.2675 2  1.5106947637288926e-10 8.846293142461548e-11 1.0 5.656934920494905e-10
Ses01F_script03_2_M037.wav 8.9725 2  1.7294122756084107e-07 3.8669617197228945e-07 0.9999984502792358 9.952079835784389e-07
Ses01F_script03_2_M038.wav 2.0674375 0  0.6340621113777161 2.1308816940290853e-05 0.3626917004585266 0.0032248839270323515
Ses01F_script03_2_M039.wav 1.4949375 2  4.115136675864051e-09 7.012722069710264e-10 1.0 2.688652500637545e-08
Ses01F_script03_2_M040.wav 16.0 2  5.152233129024353e-08 6.023571330615596e-08 0.9999995231628418 3.7188246437835915e-07
