Wav File	 Duration	 Emotion Class	 Probabilities
Ses02F_impro01_F000.wav 4.248875 0  0.997730553150177 0.0019930435810238123 0.00017228946671821177 0.0001040914430632256
Ses02F_impro01_F018.wav 5.7069375 2  3.0417655580095015e-05 2.7858346584253013e-05 0.9999033212661743 3.8376492739189416e-05
Ses02F_impro01_F019.wav 5.21575 2  0.00016400449385400862 0.0005294129950925708 0.9992272853851318 7.930739229777828e-05
Ses02F_impro01_F020.wav 4.2049375 2  0.0001910656865220517 0.00010227008897345513 0.9996067881584167 9.990100807044655e-05
Ses02F_impro01_F021.wav 10.2134375 2  0.0001702902081888169 4.9751237384043634e-05 0.9997279047966003 5.213884651311673e-05
Ses02F_impro01_M000.wav 1.434375 0  0.9999985694885254 6.758252624194938e-09 9.759590966496035e-07 4.737900951568008e-07
Ses02F_impro01_M001.wav 6.100625 0  1.0 2.1646165748734347e-08 1.1954147893789013e-08 4.935539621442331e-08
Ses02F_impro01_M002.wav 2.69225 0  1.0 3.696548134257682e-08 7.480714714347414e-09 5.9533970642178247e-08
Ses02F_impro01_M004.wav 1.4608125 0  0.9999998807907104 1.163170360030108e-08 3.268081805174461e-09 6.93309019084154e-08
Ses02F_impro01_M017.wav 5.096875 0  0.9980731010437012 0.0012223172234371305 0.0004684921295847744 0.00023603318550158292
Ses02F_impro01_M019.wav 2.325375 2  0.0015809317119419575 0.05563460290431976 0.942597508430481 0.0001869804400485009
Ses02F_impro02_F000.wav 2.9993125 3  2.6939082076182785e-08 9.513499321656127e-08 6.852316403183067e-08 0.9999997615814209
Ses02F_impro02_F001.wav 6.02075 3  0.0005750565906055272 1.577053012624674e-06 8.709313874533109e-07 0.999422550201416
Ses02F_impro02_F002.wav 7.28225 3  9.312642532677273e-07 6.839940738245787e-07 2.4202379336202284e-06 0.9999959468841553
Ses02F_impro02_F003.wav 2.5965625 3  6.770464189287395e-10 2.7142268987923046e-10 1.367671420560157e-09 1.0
Ses02F_impro02_F004.wav 12.1753125 3  2.0027808204758912e-05 7.67629717302043e-06 1.7061358903447399e-06 0.999970555305481
Ses02F_impro02_F005.wav 3.1155 3  5.976696826337502e-08 1.0780206594063202e-07 2.8564704379618888e-08 0.9999997615814209
Ses02F_impro02_F006.wav 6.8291875 3  3.21281113428995e-05 2.29609249799978e-05 2.0906159988953732e-05 0.9999239444732666
Ses02F_impro02_F007.wav 11.948875 3  7.250557487736842e-09 9.473583029162569e-10 3.8357295117918966e-09 1.0
Ses02F_impro02_F008.wav 11.2005 3  3.500822685964522e-06 4.356844328867737e-06 4.683349743572762e-06 0.9999874830245972
Ses02F_impro02_F009.wav 4.0520625 3  4.3048537179402047e-08 2.0654914223428023e-08 2.4624316807830837e-08 0.9999998807907104
Ses02F_impro02_F010.wav 7.8174375 3  1.4091355296841357e-05 1.7534357539261691e-06 1.1367037586751394e-05 0.9999728202819824
Ses02F_impro02_F011.wav 8.229 3  1.4877177711980494e-08 8.814436291970651e-09 3.287778227445415e-08 1.0
Ses02F_impro02_F012.wav 6.2883125 3  3.33955263442931e-08 8.18392553725289e-09 2.6521433937887195e-08 0.9999998807907104
Ses02F_impro02_F013.wav 13.1135625 3  4.923703805781443e-11 8.690853592341341e-12 1.3541780197190434e-10 1.0
Ses02F_impro02_M007.wav 13.4978125 3  3.527795513491583e-07 1.618300160544095e-07 9.588111282710088e-08 0.9999994039535522
Ses02F_impro02_M012.wav 1.9245625 3  3.739005494107772e-10 1.9473625489929702e-10 1.3730243608733872e-09 1.0
Ses02F_impro03_F000.wav 4.0475625 1  4.664448738367355e-07 0.9999990463256836 2.774411029804469e-07 2.220610610947915e-07
Ses02F_impro03_F001.wav 2.1199375 1  7.72046689689887e-07 0.9999979734420776 1.354984192403208e-06 5.5926875575096346e-08
Ses02F_impro03_F004.wav 2.0 1  2.2549089262469124e-09 1.0 3.3195470816593797e-09 4.355598193228616e-08
Ses02F_impro03_F009.wav 12.087 1  1.4174007446854375e-05 0.9999617338180542 2.3687141492700903e-06 2.1697371266782284e-05
Ses02F_impro03_F011.wav 4.2071875 1  5.638160018861527e-06 0.9999847412109375 4.42544296674896e-06 5.275911917124176e-06
Ses02F_impro03_F012.wav 1.420875 1  5.955055712547619e-06 0.9999799728393555 3.2377076877310174e-06 1.0804294106492307e-05
Ses02F_impro03_F013.wav 6.3349375 1  0.00023659724683966488 0.9907357096672058 0.008732070215046406 0.00029560248367488384
Ses02F_impro03_F014.wav 4.5699375 1  3.7479904335668834e-07 0.9999991655349731 1.8266246115672402e-07 2.5162819383695023e-07
Ses02F_impro03_F015.wav 6.20925 1  0.00041073383181355894 0.9993101358413696 6.397999823093414e-05 0.00021517703135032207
Ses02F_impro03_F016.wav 5.88875 0  0.9992395639419556 0.0006640407955273986 2.1345556888263673e-05 7.50876497477293e-05
Ses02F_impro03_F017.wav 6.4256875 1  0.001384177478030324 0.998406708240509 5.15639221703168e-05 0.0001575920614413917
Ses02F_impro03_F018.wav 7.027 1  0.03906828537583351 0.9603001475334167 0.0002686368825379759 0.0003629052371252328
Ses02F_impro03_F019.wav 7.1308125 1  0.0011148806661367416 0.9988443851470947 9.730758392834105e-06 3.092428232776001e-05
Ses02F_impro03_F021.wav 11.08525 1  1.6280492900477839e-06 0.9999970197677612 1.462008754060662e-07 1.2482687452575192e-06
Ses02F_impro03_F023.wav 2.73 1  6.90399959424326e-10 1.0 8.312804666843476e-09 3.8961331938480726e-09
Ses02F_impro03_F024.wav 6.4399375 1  0.00030713502201251686 0.9996676445007324 7.525544333475409e-06 1.770366907294374e-05
Ses02F_impro03_F026.wav 1.86 1  3.0581099874638085e-09 1.0 4.671479869600148e-10 3.0343116907971535e-09
Ses02F_impro03_F027.wav 3.43875 1  0.0007694986998103559 0.9981990456581116 0.0006790801999159157 0.00035230215871706605
Ses02F_impro03_F028.wav 8.463375 1  2.074441363220103e-05 0.9999696016311646 2.93644279736327e-06 6.643275810347404e-06
Ses02F_impro03_F029.wav 3.59275 1  1.3472100363287609e-05 0.999954104423523 7.600438607369142e-07 3.1692805350758135e-05
Ses02F_impro03_F030.wav 3.9135 1  3.117494803972498e-11 1.0 6.649513838857812e-13 2.83851137039548e-11
Ses02F_impro03_M001.wav 3.4321875 0  1.0 7.68579297427685e-11 8.70914382278265e-11 1.1628233098637253e-10
Ses02F_impro03_M004.wav 5.6999375 1  3.541076054602854e-08 0.9999998807907104 8.105603654939841e-08 4.5646270763199936e-08
Ses02F_impro03_M005.wav 2.6180625 2  0.0004456927708815783 0.00028385341283865273 0.9989635944366455 0.0003069187223445624
Ses02F_impro03_M009.wav 4.80375 1  0.04810696467757225 0.946178138256073 0.00423857755959034 0.001476301928050816
Ses02F_impro03_M010.wav 3.1755 1  1.631415398151148e-05 0.9999599456787109 9.93376124824863e-06 1.379166315018665e-05
Ses02F_impro03_M011.wav 3.3499375 1  5.594329195446335e-06 0.999992847442627 1.7497882254247088e-07 1.4255616633818136e-06
Ses02F_impro03_M012.wav 5.0895 1  1.4480029904007097e-06 0.9999872446060181 3.6260869364923565e-06 7.797312719048932e-06
Ses02F_impro03_M013.wav 6.0879375 0  0.9999984502792358 2.021887723913096e-07 1.341616666650225e-07 1.2434039717845735e-06
Ses02F_impro03_M014.wav 1.4399375 1  3.2634972740197554e-05 0.9999520778656006 2.5511808416922577e-06 1.2755102943629026e-05
Ses02F_impro03_M015.wav 4.072 1  0.010509321466088295 0.9894848465919495 2.788471533676784e-07 5.644722477882169e-06
Ses02F_impro03_M016.wav 2.799 1  0.00019871050608344376 0.9997759461402893 5.6369826779700816e-06 1.982931644306518e-05
Ses02F_impro03_M017.wav 1.4499375 1  1.1277189742031624e-06 0.999998927116394 6.972785460135356e-09 1.7123507944916128e-08
Ses02F_impro03_M018.wav 3.86 1  0.00032948865555226803 0.9996095299720764 7.703559276706073e-06 5.3264830057742074e-05
Ses02F_impro03_M019.wav 8.5935 1  6.45069860638614e-07 0.9999990463256836 3.653478586329584e-08 3.927859779651044e-07
Ses02F_impro03_M020.wav 6.27 1  0.0007307343767024577 0.999242901802063 2.267458057758631e-06 2.4187764211092144e-05
Ses02F_impro03_M022.wav 3.4935 1  1.4060036335195036e-07 0.9999995231628418 1.9293008790555177e-07 8.730075506946378e-08
Ses02F_impro03_M023.wav 9.662375 1  0.00018483297026250511 0.9996452331542969 0.00010147812281502411 6.839584239060059e-05
Ses02F_impro03_M024.wav 4.25 1  1.7298785678576678e-05 0.999969482421875 5.133524609846063e-06 8.076168342086021e-06
Ses02F_impro03_M025.wav 5.0599375 1  2.867651005544758e-08 1.0 5.141414849418879e-09 1.158635765108329e-08
Ses02F_impro03_M026.wav 2.7513125 1  9.476409701392186e-08 0.9999997615814209 6.653483541896321e-09 9.476409701392186e-08
Ses02F_impro04_F009.wav 2.3028125 3  0.04196394979953766 0.0007393326377496123 0.00010064578236779198 0.957196056842804
Ses02F_impro04_F016.wav 7.87 3  0.0013682141434401274 5.5326599976979196e-05 5.0969250878551975e-05 0.9985255599021912
Ses02F_impro04_M000.wav 4.3659375 0  0.9999889135360718 1.0289505553373601e-05 7.555170355999508e-08 7.424633281516435e-07
Ses02F_impro04_M001.wav 6.29025 3  0.3824795186519623 0.0002378446952207014 8.414616604568437e-05 0.6171985268592834
Ses02F_impro04_M003.wav 3.4014375 1  0.0006223691743798554 0.9993707537651062 2.3439586982476612e-07 6.665282398898853e-06
Ses02F_impro04_M004.wav 12.9600625 0  0.9253103137016296 0.00036646390799432993 5.619906369247474e-05 0.07426711171865463
Ses02F_impro04_M005.wav 7.61 0  0.9991914629936218 0.0007763049798086286 3.9948822632140946e-06 2.8276906959945336e-05
Ses02F_impro04_M006.wav 7.660625 0  0.9999961853027344 2.2691674530506134e-06 4.5033007722850016e-07 1.0593910246825544e-06
Ses02F_impro04_M007.wav 6.8299375 0  0.9965956807136536 0.003248751861974597 1.3907287211623043e-05 0.00014156026009004563
Ses02F_impro04_M008.wav 4.85425 0  0.738551676273346 0.006722582038491964 0.0008563513401895761 0.2538694143295288
Ses02F_impro04_M009.wav 5.7308125 0  0.9999892711639404 6.265328920562752e-06 1.9520228988767485e-07 4.189943865640089e-06
Ses02F_impro04_M010.wav 9.2069375 0  0.9999173879623413 4.9857950216392055e-05 8.800450814305805e-06 2.4015733288251795e-05
Ses02F_impro04_M011.wav 5.983 0  0.9999334812164307 2.3969258108991198e-05 1.7127500768765458e-06 4.085279579157941e-05
Ses02F_impro04_M012.wav 17.6178125 3  0.06995697319507599 0.005894403904676437 0.00016819400480017066 0.9239804744720459
Ses02F_impro04_M013.wav 13.15 0  0.9974088072776794 0.0025174012407660484 4.1716000851010904e-05 3.21099505526945e-05
Ses02F_impro04_M015.wav 12.7699375 1  6.376812234520912e-05 0.99989914894104 4.74740045319777e-06 3.231611117371358e-05
Ses02F_impro04_M016.wav 1.1099375 0  1.0 1.6990270523820072e-08 3.046187524446964e-09 5.703005001578276e-08
Ses02F_impro04_M017.wav 2.0299375 0  0.9999998807907104 3.7255404095049016e-08 3.799020120709429e-08 8.428494169265832e-08
Ses02F_impro04_M018.wav 9.322375 3  4.976102354703471e-05 1.896107460197527e-05 6.747588031430496e-06 0.9999245405197144
Ses02F_impro04_M019.wav 5.350125 0  0.9999970197677612 1.6929035382418078e-06 3.047088057428482e-07 9.09692460027145e-07
Ses02F_impro05_F000.wav 3.651875 0  0.9998775720596313 1.1934705980820581e-05 8.767101098783314e-05 2.2825724954600446e-05
Ses02F_impro05_F001.wav 7.2899375 0  0.9997014403343201 0.0001018810216919519 9.44087587413378e-05 0.00010227977327303961
Ses02F_impro05_F004.wav 1.46 0  0.9999977350234985 2.165257910746732e-06 7.67421539649149e-08 3.6392304281207544e-08
Ses02F_impro05_F006.wav 8.3899375 2  0.00128767394926399 0.023730896413326263 0.9743237495422363 0.0006576794548891485
Ses02F_impro05_F010.wav 2.9599375 2  1.0050232958747074e-05 7.440691842930391e-05 0.9998977184295654 1.7707743609207682e-05
Ses02F_impro05_F019.wav 6.0599375 2  0.0007516763871535659 0.48081767559051514 0.517861008644104 0.0005696158041246235
Ses02F_impro05_M000.wav 4.6299375 0  0.9998875856399536 7.935980102047324e-05 1.4649255035692477e-06 3.156714228680357e-05
Ses02F_impro05_M001.wav 8.5799375 0  1.0 3.4115683611446457e-09 5.090690091691386e-10 2.4720696600866177e-08
Ses02F_impro05_M002.wav 6.5299375 0  0.9999955892562866 1.2531525044323644e-06 2.0779306453277968e-07 2.802046083161258e-06
Ses02F_impro05_M003.wav 7.3499375 0  0.8341438174247742 0.16377215087413788 6.03981243330054e-05 0.00202368781901896
Ses02F_impro05_M004.wav 7.25 0  0.9999825954437256 7.889187145337928e-06 1.6090588133010897e-06 8.04478804639075e-06
Ses02F_impro05_M005.wav 4.3938125 0  0.999997615814209 1.3235954838819453e-06 2.86247598069167e-07 8.028012530303386e-07
Ses02F_impro05_M006.wav 10.0199375 0  0.9999972581863403 1.3132947742633405e-06 4.840064349309614e-08 1.4034666264706175e-06
Ses02F_impro05_M007.wav 6.86 0  0.9999772310256958 1.4510358596453443e-05 1.2004245490970789e-06 7.0717842390877195e-06
Ses02F_impro05_M008.wav 7.9880625 0  0.9999302625656128 2.9367656679823995e-05 6.514526830869727e-06 3.386805110494606e-05
Ses02F_impro05_M009.wav 4.0104375 0  0.9995450377464294 0.000437326671089977 1.6336825865437277e-06 1.5929623259580694e-05
Ses02F_impro05_M010.wav 7.142125 0  0.9999841451644897 5.6381563808827195e-06 3.3931023608602118e-06 6.881082299514674e-06
Ses02F_impro05_M011.wav 7.6569375 0  0.999998927116394 4.313909585107467e-07 8.49459169671718e-08 5.326967311702901e-07
Ses02F_impro05_M012.wav 16.6499375 0  0.9999784231185913 6.774362645955989e-06 1.03483193925058e-06 1.3657886483997572e-05
Ses02F_impro05_M013.wav 4.0199375 0  0.9983342289924622 0.0012190603883937001 4.67630525236018e-05 0.0004000453045591712
Ses02F_impro05_M014.wav 7.05 0  0.9999954700469971 2.8350755201245192e-06 3.9125325201894157e-07 1.2531523907455266e-06
Ses02F_impro05_M015.wav 1.8799375 0  0.9999880790710449 1.123310198636318e-06 8.315188324559131e-07 9.972922271117568e-06
Ses02F_impro05_M016.wav 11.85 0  0.9999043941497803 1.944828181876801e-05 5.839433015353279e-06 7.03100668033585e-05
Ses02F_impro05_M017.wav 3.37 0  0.9975050091743469 0.00248709786683321 3.46495608027908e-06 4.5368419705482665e-06
Ses02F_impro05_M018.wav 1.7699375 0  0.9986953139305115 0.00046695658238604665 7.83416980993934e-05 0.0007594271446578205
Ses02F_impro05_M019.wav 14.5 0  0.9997900128364563 0.0001736596750561148 4.221964445605408e-06 3.2186610042117536e-05
Ses02F_impro05_M020.wav 17.90075 0  0.9999967813491821 1.7880619225252303e-06 1.877256039506392e-07 1.1818368648164324e-06
Ses02F_impro05_M021.wav 5.6878125 0  0.9999891519546509 8.076327503658831e-06 3.479856331978226e-07 2.4249529815278947e-06
Ses02F_impro06_F000.wav 5.09 3  1.2404240967711644e-09 2.3216013833593507e-10 1.0124046045945079e-09 1.0
Ses02F_impro06_F001.wav 2.7099375 0  0.9383901357650757 0.0006020608707331121 4.404114224598743e-05 0.06096372753381729
Ses02F_impro06_F002.wav 6.74 3  1.5506326235481538e-05 2.6740250177681446e-05 1.4707600257679587e-06 0.9999562501907349
Ses02F_impro06_F003.wav 1.6399375 3  9.547884705085607e-10 5.62472513010448e-09 1.6691730220230738e-09 1.0
Ses02F_impro06_F004.wav 2.411125 1  3.6260669276089175e-06 0.9999817609786987 5.0146686589869205e-06 9.703858268039767e-06
Ses02F_impro06_F005.wav 2.7981875 3  3.7852694276807597e-06 1.1212783647351898e-05 3.4197059903817717e-06 0.9999815225601196
Ses02F_impro06_F006.wav 6.065125 3  5.034296918893233e-06 1.2242895536473952e-05 5.495970754054724e-07 0.9999821186065674
Ses02F_impro06_F007.wav 6.79 3  8.817045795694867e-07 1.368280663882615e-06 3.1193494010040013e-07 0.9999974966049194
Ses02F_impro06_F008.wav 8.2238125 3  3.807002144640137e-07 3.053499312954955e-06 9.439432346880494e-08 0.9999964237213135
Ses02F_impro06_F009.wav 2.1099375 1  2.705147835513344e-06 0.9999585151672363 2.7263647552899783e-06 3.598302282625809e-05
Ses02F_impro06_F010.wav 3.3295 3  3.3255403986132137e-10 7.746073227288264e-11 7.732113282976627e-10 1.0
Ses02F_impro06_F011.wav 2.1599375 1  3.926690972377855e-09 1.0 1.2698398998978178e-09 2.0816914414467647e-08
Ses02F_impro06_F012.wav 3.099 3  0.0004793747211806476 0.4496535062789917 1.5170573533396237e-05 0.5498520135879517
Ses02F_impro06_F013.wav 6.0155 3  2.737126578722382e-06 4.373915999167366e-06 1.0148301043955144e-06 0.9999918937683105
Ses02F_impro06_F014.wav 1.2428125 3  2.589933545404932e-10 8.880916835263264e-11 4.895668870297243e-10 1.0
Ses02F_impro06_M000.wav 2.2815 0  0.9999997615814209 4.608733839006618e-09 6.058066048808541e-09 2.9649064003933745e-07
Ses02F_impro06_M001.wav 4.876625 3  4.572869194419127e-09 4.4501881291125756e-08 9.94615501070939e-11 1.0
Ses02F_impro06_M002.wav 2.56 3  3.499821232821887e-08 1.5960880617171824e-08 2.768586426782349e-08 0.9999998807907104
Ses02F_impro06_M003.wav 1.33 3  9.27498717828712e-08 2.9005875479271026e-10 4.380539930792793e-09 0.9999998807907104
Ses02F_impro06_M004.wav 7.1899375 3  4.0605260437587276e-05 5.181528983655426e-09 2.2072201844025585e-08 0.9999593496322632
Ses02F_impro06_M005.wav 6.7599375 3  2.3229754333442543e-06 2.5019430722750258e-06 5.083005589767708e-07 0.9999946355819702
Ses02F_impro06_M006.wav 2.3843125 3  1.088437606711068e-08 1.2748099242898547e-09 1.3517374997107368e-09 1.0
Ses02F_impro06_M007.wav 9.3799375 3  1.0189463864662685e-05 3.5420780477579683e-06 1.9714634618139826e-06 0.9999842643737793
Ses02F_impro06_M008.wav 5.3499375 3  3.057197203726325e-11 3.1971862223673098e-12 1.8615413030498296e-11 1.0
Ses02F_impro06_M009.wav 10.705125 3  1.2751903000207676e-07 3.4590467379302936e-08 2.081690908539713e-08 0.9999997615814209
Ses02F_impro06_M010.wav 6.3080625 3  0.004966104403138161 8.471952605759725e-05 7.036176157271257e-06 0.9949421286582947
Ses02F_impro06_M011.wav 8.602125 3  1.7195591226482065e-06 3.035655481653521e-06 3.6898671851304243e-07 0.9999948740005493
Ses02F_impro06_M012.wav 5.66 3  7.40461764507927e-05 2.1991859284753446e-06 3.26290705743304e-06 0.9999204874038696
Ses02F_impro06_M013.wav 14.5299375 3  2.7313987516208726e-07 1.1430729074390911e-07 7.584821304362777e-08 0.9999995231628418
Ses02F_impro06_M014.wav 2.23 3  9.741984831634909e-05 2.2471167540061288e-05 3.250434383517131e-05 0.9998475313186646
Ses02F_impro06_M015.wav 8.1 3  9.644460874369543e-08 1.4307239837307861e-08 1.0969742447741737e-08 0.9999998807907104
Ses02F_impro06_M016.wav 2.1560625 0  0.967177152633667 0.02735644020140171 5.327655526343733e-05 0.005413169972598553
Ses02F_impro06_M017.wav 8.1399375 3  0.010378520004451275 0.006571269128471613 0.00013825975474901497 0.9829119443893433
Ses02F_impro06_M018.wav 14.1411875 3  7.468337912541756e-07 2.52612892381876e-07 2.884929983792972e-07 0.9999986886978149
Ses02F_impro06_M019.wav 4.98175 3  7.289848144864663e-05 1.1956814205404953e-06 1.5055901485538925e-06 0.9999244213104248
Ses02F_impro07_F001.wav 2.275 1  1.0609909617542712e-09 1.0 2.330687864926517e-10 6.335466595785988e-10
Ses02F_impro07_F002.wav 2.4699375 1  2.1866444512852468e-05 0.9999114274978638 2.6375966626801528e-05 4.0454891859553754e-05
Ses02F_impro07_F003.wav 5.8 1  0.0010352864628657699 0.9941277503967285 0.0025623587425798178 0.0022745621390640736
Ses02F_impro07_F004.wav 1.2 1  9.007200674204796e-08 0.9999998807907104 1.0609908507319687e-09 4.718027302175187e-09
Ses02F_impro07_F005.wav 1.1089375 1  3.439347722178354e-07 0.9999986886978149 1.1565461477403005e-07 8.714334853721084e-07
Ses02F_impro07_F006.wav 1.9016875 1  5.919493446526758e-07 0.999998927116394 5.8840313954533485e-08 5.10292181843397e-07
Ses02F_impro07_F007.wav 6.157625 1  0.001179504208266735 0.9985509514808655 3.877635026583448e-05 0.0002306758688064292
Ses02F_impro07_F008.wav 7.72 1  0.0007686367607675493 0.999030351638794 4.178382005193271e-05 0.0001592379849171266
Ses02F_impro07_F009.wav 4.2599375 1  0.00016635681095067412 0.9997963309288025 2.611273657748825e-06 3.473433753242716e-05
Ses02F_impro07_F010.wav 5.17 0  0.9969896078109741 0.0028333482332527637 2.6298892407794483e-05 0.00015074966358952224
Ses02F_impro07_F011.wav 8.1199375 1  0.0003582003409974277 0.9991759657859802 0.00012403274013195187 0.0003417971602175385
Ses02F_impro07_F012.wav 5.25 1  0.00010390957322670147 0.9998854398727417 7.570287721136992e-07 9.855722055363003e-06
Ses02F_impro07_F013.wav 3.3 1  2.913670641646604e-06 0.9999969005584717 1.9102616377608683e-08 2.1106559700001526e-07
Ses02F_impro07_F014.wav 6.2599375 0  0.7484952211380005 0.250714510679245 0.00013001072511542588 0.0006602489738725126
Ses02F_impro07_F015.wav 3.9499375 1  0.0001258219126611948 0.9998257756233215 1.612192500033416e-05 3.2313739211531356e-05
Ses02F_impro07_F016.wav 2.4399375 1  0.001738230581395328 0.9927946925163269 0.004081168211996555 0.001385838259011507
Ses02F_impro07_F017.wav 6.9444375 1  0.2644268274307251 0.7231872081756592 0.010057087056338787 0.002328878501430154
Ses02F_impro07_F018.wav 11.33825 1  7.557376375189051e-05 0.9998329877853394 1.6440018953289837e-05 7.498564082197845e-05
Ses02F_impro07_F019.wav 9.34 1  0.010477614589035511 0.9889110326766968 0.00028486514929682016 0.0003265995183028281
Ses02F_impro07_F020.wav 2.590875 1  0.038506582379341125 0.957621157169342 0.00037778186379000545 0.0034944326616823673
Ses02F_impro07_F021.wav 7.5141875 0  0.5110923647880554 0.4872117042541504 0.0005058989045210183 0.0011901154648512602
Ses02F_impro07_F022.wav 11.33175 0  0.9980239868164062 0.0018456076504662633 3.9986127376323566e-05 9.046281047631055e-05
Ses02F_impro07_F023.wav 1.6899375 0  0.9974250793457031 0.002489328384399414 4.97336768603418e-05 3.596202805056237e-05
Ses02F_impro07_F024.wav 2.18 0  0.375031441450119 0.3455795347690582 0.27370980381965637 0.00567927910014987
Ses02F_impro07_F025.wav 7.6401875 1  0.0011006962740793824 0.9987353682518005 2.1840725821675733e-05 0.00014214153634384274
Ses02F_impro07_F026.wav 6.123125 1  8.430836714978795e-06 0.9999791383743286 2.058010295513668e-06 1.0329676115361508e-05
Ses02F_impro07_F027.wav 1.3 1  8.72747374369709e-10 1.0 7.123156509081241e-10 3.0581099874638085e-09
Ses02F_impro07_F028.wav 4.0099375 1  1.1886080386602771e-07 0.9999997615814209 3.100669232480868e-08 6.513035089028563e-08
Ses02F_impro07_F029.wav 1.07 1  2.5605242370829728e-08 1.0 3.235839651782868e-10 1.9327851319417277e-08
Ses02F_impro07_F030.wav 1.85425 1  9.422283255844377e-07 0.9999817609786987 9.68347876550979e-07 1.6378362488467246e-05
Ses02F_impro07_F031.wav 2.6899375 1  8.61401258589467e-06 0.9999890327453613 2.6164926225646923e-07 2.17371371036279e-06
Ses02F_impro07_F032.wav 1.91225 1  0.043000441044569016 0.9569483399391174 2.2804855689173564e-05 2.8381100491969846e-05
Ses02F_impro07_F033.wav 4.4375 1  0.0007388246012851596 0.9985353946685791 0.0006030110525898635 0.0001227486354764551
Ses02F_impro07_F034.wav 6.256125 1  0.00010189755266765133 0.9998636245727539 5.464030436996836e-06 2.891042640840169e-05
Ses02F_impro07_F035.wav 3.665625 1  9.027250052895397e-05 0.9998223185539246 3.6825820188823855e-06 8.381517545785755e-05
Ses02F_impro07_F036.wav 2.2395 1  6.852310008298446e-08 0.9999988079071045 1.517058656475001e-08 1.0656194717739709e-06
Ses02F_impro07_F037.wav 1.6399375 1  5.420606541406414e-08 0.9999957084655762 8.592129785434111e-10 4.310328222345561e-06
Ses02F_impro07_M000.wav 2.735625 1  1.1362256913116653e-08 1.0 1.0505232794777442e-10 4.3204126387585973e-10
Ses02F_impro07_M001.wav 2.9139375 1  3.7399171759489036e-08 0.9999451637268066 5.4679610911989585e-05 1.4224998778900044e-07
Ses02F_impro07_M002.wav 1.8299375 1  1.5902876384643605e-06 0.9999668598175049 3.071811079280451e-05 8.090728442766704e-07
Ses02F_impro07_M003.wav 1.66 2  0.013479821383953094 1.3712723557546269e-05 0.9864993095397949 7.141911282815272e-06
Ses02F_impro07_M004.wav 1.4199375 1  4.511447215804765e-08 0.9999997615814209 1.344040612138997e-08 1.884609162061679e-07
Ses02F_impro07_M005.wav 5.46725 1  9.551243419991806e-05 0.9996053576469421 7.570427260361612e-05 0.00022337809787131846
Ses02F_impro07_M006.wav 2.8899375 1  1.2851918995693268e-07 0.9999998807907104 8.576680698979544e-09 3.8138889379979446e-08
Ses02F_impro07_M007.wav 1.2199375 1  3.3671392884571105e-05 0.9999661445617676 1.4114596069703111e-07 6.512816241865949e-08
Ses02F_impro07_M008.wav 1.3199375 1  1.7950626443052897e-06 0.9999980926513672 3.052592845165236e-08 1.5746472570299375e-07
Ses02F_impro07_M009.wav 1.14 1  0.00010857823508558795 0.9998900890350342 3.192979534105689e-07 9.720487241793307e-07
Ses02F_impro07_M010.wav 3.1199375 1  1.944719997482025e-06 0.9999980926513672 8.37548641552388e-11 3.1428779578845933e-09
Ses02F_impro07_M011.wav 1.85425 1  1.3259871423088043e-07 0.9999990463256836 3.541072857160543e-08 8.38049686535669e-07
Ses02F_impro07_M016.wav 1.1 0  0.9997599720954895 0.00023805387900210917 5.6794075220523155e-08 2.0335880890343105e-06
Ses02F_impro07_M017.wav 5.56 1  0.0007415185100398958 0.9992445707321167 4.800217084266478e-06 9.216587386617903e-06
Ses02F_impro07_M018.wav 1.5940625 1  0.00013652769848704338 0.9994545578956604 1.921305556606967e-05 0.00038969158777035773
Ses02F_impro07_M019.wav 2.21875 0  0.5038772821426392 0.4754336178302765 0.009809663519263268 0.010879535228013992
Ses02F_impro07_M023.wav 1.371375 1  6.116605000272557e-10 1.0 7.391354889252355e-11 7.09538594545478e-10
Ses02F_impro07_M027.wav 1.6899375 1  0.04258759692311287 0.9572952389717102 3.6171568353893235e-05 8.087953756330535e-05
Ses02F_impro07_M028.wav 8.13475 1  1.0267993957313593e-06 0.9999985694885254 7.181157712921049e-08 2.720747716011829e-07
Ses02F_impro07_M029.wav 5.0859375 1  1.7672329022389022e-06 0.9999982118606567 9.456492477966094e-09 1.7945270158747917e-08
Ses02F_impro07_M034.wav 2.8196875 1  6.891279917908832e-05 0.9993627667427063 0.00048493448412045836 8.345003880094737e-05
Ses02F_impro08_F000.wav 4.29625 0  0.9365973472595215 0.022308075800538063 0.04059243202209473 0.000502079667057842
Ses02F_impro08_F001.wav 1.714125 0  0.9999995231628418 1.2026187334868155e-07 2.8676495844592864e-08 3.4798924275492027e-07
Ses02F_impro08_F002.wav 4.741625 0  0.9996904134750366 0.0002002518594963476 7.395687134703621e-05 3.534655479597859e-05
Ses02F_impro08_F003.wav 3.47475 0  0.9997791647911072 7.601378456456587e-05 0.00011455681669758633 3.023619319719728e-05
Ses02F_impro08_F004.wav 7.2851875 0  0.513350248336792 0.48460841178894043 0.0008199640433304012 0.0012213328154757619
Ses02F_impro08_F005.wav 8.114625 0  0.9999376535415649 3.4000855521298945e-05 1.4340740563056897e-05 1.4118407307250891e-05
Ses02F_impro08_F006.wav 6.4834375 0  0.999880313873291 4.917911428492516e-05 2.8967431717319414e-05 4.1493927710689604e-05
Ses02F_impro08_F007.wav 1.105875 1  3.3536116461618803e-06 0.9999960660934448 7.1531424339355e-08 4.538619862159976e-07
Ses02F_impro08_F008.wav 4.9075 0  0.9412872791290283 0.05823773518204689 0.000152396853081882 0.00032262413878925145
Ses02F_impro08_F009.wav 4.2439375 0  0.9994019269943237 0.0005352242151275277 3.478851431282237e-05 2.8172597012599e-05
Ses02F_impro08_F010.wav 12.732375 0  0.9997982382774353 0.0001049201309797354 3.990104596596211e-05 5.6932782172225416e-05
Ses02F_impro08_F011.wav 2.363875 0  0.9999995231628418 2.211954353015244e-07 1.7092658310957631e-07 1.663161270926139e-07
Ses02F_impro08_F012.wav 12.8788125 0  0.9995735287666321 0.0002041776169789955 0.00016664490976836532 5.560143472393975e-05
Ses02F_impro08_F013.wav 8.6010625 0  0.9999809265136719 8.766697646933608e-06 2.453517481626477e-06 7.706421456532553e-06
Ses02F_impro08_F014.wav 1.4000625 0  0.9913800358772278 0.008619100786745548 9.845587811696532e-08 7.44748035685916e-07
Ses02F_impro08_F015.wav 1.4929375 0  1.0 1.2404240967711644e-09 4.220330473980738e-10 8.198702827755255e-10
Ses02F_impro08_F016.wav 3.0856875 1  1.608606403635804e-08 1.0 3.3455824777206544e-09 2.4003381504655863e-09
Ses02F_impro08_F017.wav 2.9541875 0  0.9948605895042419 0.004430622328072786 0.0006781321717426181 3.0561252060579136e-05
Ses02F_impro08_F018.wav 3.8366875 1  0.00012339220847934484 0.9998574256896973 1.0951681360893417e-05 8.20242985355435e-06
Ses02F_impro08_F019.wav 9.95325 0  0.9997898936271667 0.00016060892085079104 1.5625344531144947e-05 3.386329626664519e-05
Ses02F_impro08_F020.wav 2.3915 1  1.14339345600456e-05 0.9999812841415405 3.327464355606935e-06 3.905425728589762e-06
Ses02F_impro08_F021.wav 8.3739375 0  0.9998852014541626 5.024737038183957e-05 2.0946221411577426e-05 4.348547736299224e-05
Ses02F_impro08_F022.wav 11.1126875 0  0.9992032647132874 0.00042538504931144416 0.0002560012217145413 0.00011538880062289536
Ses02F_impro08_F023.wav 10.05 0  0.9994484782218933 0.0004645785957109183 5.669098027283326e-05 3.0226192393456586e-05
Ses02F_impro08_F024.wav 5.2530625 3  0.19424597918987274 0.0005569014465436339 0.0008558335248380899 0.8043413162231445
Ses02F_impro08_F025.wav 5.7369375 0  0.99861741065979 0.0012942537432536483 6.0769973060814664e-05 2.7606003641267307e-05
Ses02F_impro08_F026.wav 5.1563125 0  0.9985520243644714 0.0011760550551116467 0.00013220768596511334 0.0001396391453454271
Ses02F_impro08_F027.wav 1.436 0  0.9999995231628418 2.0698377056760364e-07 1.829923235163733e-08 2.668126342086907e-07
Ses02F_impro08_M003.wav 1.105875 0  1.0 5.061704833053682e-09 1.862097143146002e-09 5.780648404396516e-09
Ses02F_impro08_M005.wav 5.5800625 0  0.998769223690033 0.00020481180399656296 0.00022538153280038387 0.0008006090647540987
Ses02F_impro08_M006.wav 1.8661875 1  1.4445489249226284e-09 1.0 2.2542358604771273e-11 5.334997443817713e-10
Ses02F_impro08_M007.wav 9.1981875 0  0.9981359243392944 0.00168227544054389 5.0159465899923816e-05 0.00013163738185539842
Ses02F_impro08_M008.wav 1.6865 0  0.9999997615814209 6.36216057614547e-08 9.382915777678136e-09 6.772484795192213e-08
Ses02F_impro08_M009.wav 6.289875 0  0.998150110244751 0.0018390935147181153 3.379766155831021e-07 1.0473153452039696e-05
Ses02F_impro08_M010.wav 4.396 0  0.9999812841415405 1.3525196663977113e-05 5.02372017763264e-07 4.803755928151077e-06
Ses02F_impro08_M011.wav 1.567 0  0.9981348514556885 0.0017751007108017802 2.3693628463661298e-05 6.645042594755068e-05
Ses02F_impro08_M012.wav 2.3646875 0  0.9994955062866211 0.0002862320397980511 3.444851927270065e-06 0.0002147970226360485
Ses02F_impro08_M013.wav 4.561875 0  0.9990248680114746 0.0009744339622557163 7.972157334279473e-08 5.533773901333916e-07
Ses02F_impro08_M015.wav 6.1101875 0  0.9999548196792603 3.9288588595809415e-05 3.4797369607986184e-07 5.464528840093408e-06
Ses02F_impro08_M016.wav 5.3636875 0  0.9997052550315857 3.7694703678425867e-06 3.398280625788175e-07 0.00029051670571789145
Ses02F_impro08_M018.wav 2.9856875 0  0.9989079236984253 0.0007975985063239932 3.886024842358893e-06 0.00029056862695142627
Ses02F_impro08_M019.wav 1.30025 3  0.003522302024066448 0.002519735135138035 2.110549075950985e-06 0.9939559102058411
Ses02F_script01_1_F004.wav 1.9948125 3  1.3925413213655702e-06 4.850238610742963e-07 3.353607326062047e-06 0.9999947547912598
Ses02F_script01_1_F005.wav 2.7599375 3  2.2152875367442704e-10 1.4989384733432587e-10 3.6954447835135795e-10 1.0
Ses02F_script01_1_F006.wav 2.31 3  0.00023365512606687844 5.0927785196108744e-05 5.1628849178086966e-05 0.9996638298034668
Ses02F_script01_1_F017.wav 4.1299375 0  0.999977707862854 6.339108949759975e-06 5.004116587770113e-07 1.5536976206931286e-05
Ses02F_script01_1_F018.wav 2.4415625 0  0.9999034404754639 7.951621228130534e-05 6.3883526308927685e-06 1.0573836334515363e-05
Ses02F_script01_1_F019.wav 3.5799375 0  0.9965685606002808 0.000123950929264538 0.0032249565701931715 8.256911678472534e-05
Ses02F_script01_1_F021.wav 1.9399375 0  0.9999350309371948 1.1750351404771209e-05 1.5146801160881296e-05 3.80790515919216e-05
Ses02F_script01_1_F025.wav 2.7099375 0  0.9974967837333679 0.0010147313587367535 0.00025958858896046877 0.0012287902645766735
Ses02F_script01_1_F026.wav 3.07625 0  1.0 5.998299079656988e-10 4.05865202557365e-10 1.2430347418046495e-08
Ses02F_script01_1_F027.wav 4.403375 0  0.9997777342796326 0.0001202890562126413 2.3182861696113832e-05 7.873355934862047e-05
Ses02F_script01_1_F028.wav 2.91 0  0.998719334602356 7.832019832676451e-07 0.0012658685445785522 1.3991469131724443e-05
Ses02F_script01_1_F036.wav 1.6899375 2  2.1189217136452498e-07 1.5381722562324285e-07 0.9999991655349731 4.322344295815128e-07
Ses02F_script01_1_F037.wav 2.5199375 2  3.755824945983477e-05 3.2758885936345905e-05 0.9998356103897095 9.405331365996972e-05
Ses02F_script01_1_F038.wav 2.17 2  3.8820959957774903e-07 2.363825899465155e-07 0.9999983310699463 1.032833324643434e-06
Ses02F_script01_1_F040.wav 3.341875 2  4.582491541782474e-08 2.358864570339847e-08 0.9999996423721313 2.135541592451773e-07
Ses02F_script01_1_F044.wav 2.68 3  3.850741947530878e-09 2.500463169852196e-10 4.3295056428860335e-09 1.0
Ses02F_script01_1_M011.wav 11.4499375 2  0.2097911685705185 0.0005904122954234481 0.7871180772781372 0.002500335918739438
Ses02F_script01_1_M013.wav 5.09 2  2.492284693289548e-05 3.206413020961918e-05 0.999883770942688 5.920578769291751e-05
Ses02F_script01_1_M017.wav 2.4699375 0  1.0 2.0176445403308207e-08 9.98806459762136e-09 5.013263049136185e-08
Ses02F_script01_1_M021.wav 2.79 2  4.503955551626859e-06 1.4765697642360465e-06 0.9999923706054688 1.6344137065971154e-06
Ses02F_script01_1_M023.wav 2.0199375 2  4.0843264059731155e-07 3.912545025741565e-07 0.9999986886978149 4.450846518011531e-07
Ses02F_script01_1_M025.wav 1.3799375 2  1.0949963780149119e-07 2.6418017995410992e-08 0.9999991655349731 6.707666102556686e-07
Ses02F_script01_1_M027.wav 12.9615625 3  2.0218898555413034e-07 5.484523768473082e-08 1.770425939184861e-07 0.9999995231628418
Ses02F_script01_1_M029.wav 1.5799375 0  1.0 4.527753727501249e-10 2.2073098904229482e-08 5.770230160351275e-08
Ses02F_script01_1_M036.wav 3.27 2  7.995585474418476e-05 0.00030352346948347986 0.9995579123497009 5.861131285200827e-05
Ses02F_script01_1_M037.wav 3.4499375 2  6.501279585791053e-07 7.811466957718949e-07 0.9999971389770508 1.408959519721975e-06
Ses02F_script01_1_M038.wav 7.4699375 2  1.2581997907545883e-05 1.798771154426504e-05 0.9999595880508423 9.856453289103229e-06
Ses02F_script01_1_M040.wav 2.5099375 0  1.0 4.572869194419127e-09 4.466938818836752e-09 9.201436057537649e-09
Ses02F_script01_1_M043.wav 2.3199375 0  0.9999986886978149 1.1341764860617332e-07 4.4241833307978595e-08 1.238556706084637e-06
Ses02F_script01_1_M044.wav 3.3799375 0  0.9418582916259766 1.353217498945014e-06 9.429954843653832e-06 0.05813096836209297
Ses02F_script01_2_F005.wav 2.15 2  9.515984856989235e-06 1.4510143955703825e-05 0.9999624490737915 1.3498552107193973e-05
Ses02F_script01_2_F012.wav 5.2399375 2  8.715354852029122e-06 2.5313640890090028e-06 0.9999665021896362 2.2342544980347157e-05
Ses02F_script01_2_F013.wav 7.2199375 2  0.00010945447138510644 0.0005848116707056761 0.9991390705108643 0.00016657248488627374
Ses02F_script01_2_M001.wav 3.1299375 0  0.9999861717224121 3.982473117503105e-06 3.3145079214591533e-06 6.565987860085443e-06
Ses02F_script01_2_M002.wav 5.5799375 0  0.9985670447349548 0.0012229221174493432 6.966960063437e-05 0.00014046186697669327
Ses02F_script01_2_M004.wav 2.28 0  0.999914288520813 1.650570447964128e-05 1.612335108802654e-05 5.317710747476667e-05
Ses02F_script01_2_M005.wav 1.72 0  0.9999998807907104 3.568849038515509e-08 1.4819175220281977e-08 1.6119918200274697e-07
Ses02F_script01_2_M006.wav 1.8899375 0  0.9999998807907104 3.0406972939545085e-08 6.437156230276742e-08 4.765038497112073e-08
Ses02F_script01_2_M007.wav 1.9399375 0  0.9999985694885254 1.5202510894596344e-07 4.0684028590476373e-07 1.0069393283629324e-06
Ses02F_script01_2_M008.wav 2.3499375 0  0.9998633861541748 2.382755519647617e-05 5.1942613936262205e-05 6.084579581511207e-05
Ses02F_script01_2_M016.wav 2.5 2  1.4480084473689203e-06 1.6344115465471987e-06 0.9999910593032837 5.8742580222315155e-06
Ses02F_script01_2_M017.wav 2.3199375 2  2.018211944232462e-06 1.181996503873961e-05 0.9999825954437256 3.618994696807931e-06
Ses02F_script01_2_M018.wav 4.46 2  2.742085598583799e-07 1.3788070418740972e-07 0.9999980926513672 1.5656814866815694e-06
Ses02F_script01_3_F009.wav 2.5799375 0  0.9988800883293152 0.0006729396409355104 0.0002827231655828655 0.00016426802903879434
Ses02F_script01_3_F012.wav 2.752 1  2.448407485644566e-07 0.9999983310699463 9.645885938880383e-07 4.3139070271536184e-07
Ses02F_script01_3_F013.wav 2.4199375 1  8.250562473222089e-07 0.9999982118606567 4.132469371143088e-07 6.036240165485651e-07
Ses02F_script01_3_F014.wav 1.8799375 1  2.156177458800812e-08 1.0 9.094236474993522e-09 2.190132342150264e-08
Ses02F_script01_3_F016.wav 8.6 1  4.566006100503728e-05 0.9998540878295898 4.99522611789871e-05 5.034404239268042e-05
Ses02F_script01_3_F020.wav 9.09425 3  3.076540266988559e-08 1.627567947082298e-08 2.7903006127871777e-08 0.9999998807907104
Ses02F_script01_3_F021.wav 2.1940625 3  7.196257456598687e-07 2.3916859959172143e-07 2.3734280603093794e-06 0.9999966621398926
Ses02F_script01_3_F022.wav 1.9499375 3  2.747807457126328e-06 1.295633046538569e-05 4.045163677801611e-06 0.9999802112579346
Ses02F_script01_3_F023.wav 1.4199375 3  1.3873042917111889e-05 7.780910209476133e-07 1.4479981018666876e-06 0.9999839067459106
Ses02F_script01_3_F024.wav 1.6999375 3  1.2189922848904189e-08 1.9780291293791663e-10 9.182111182504116e-10 1.0
Ses02F_script01_3_F025.wav 1.7741875 3  1.7983022360112955e-07 2.186505980716902e-06 2.506467353668995e-07 0.9999973773956299
Ses02F_script01_3_F026.wav 2.2599375 3  2.8291319154050143e-07 1.550236419234352e-07 2.229302396017374e-07 0.9999992847442627
Ses02F_script01_3_F029.wav 2.37 1  1.2193506790936226e-06 0.9999954700469971 1.4367462881637039e-06 1.956143250936293e-06
Ses02F_script01_3_M001.wav 1.6499375 0  0.9999812841415405 4.3738696149375755e-06 6.962174211366801e-06 7.411196293105604e-06
Ses02F_script01_3_M010.wav 9.5299375 1  1.3842060297974967e-07 0.9999997615814209 3.667780745786331e-08 1.4506355228149914e-07
Ses02F_script01_3_M020.wav 3.1220625 3  2.7305848693259804e-09 2.089215050959936e-10 1.3255925246369316e-09 1.0
Ses02F_script01_3_M021.wav 4.5699375 3  6.118425943668626e-08 2.8121830197846975e-08 9.026150564750424e-07 0.9999990463256836
Ses02F_script01_3_M022.wav 2.33 3  3.950355065285294e-08 4.618433280256795e-08 1.1165938929025288e-07 0.9999997615814209
Ses02F_script01_3_M023.wav 7.15 3  6.839946422587673e-07 1.4679496871394804e-06 1.071879523806274e-06 0.9999967813491821
Ses02F_script01_3_M024.wav 2.15 3  2.7363313392925193e-08 3.199095388595197e-08 5.3365898367019327e-08 0.9999998807907104
Ses02F_script01_3_M025.wav 1.5699375 3  6.253091669350397e-06 3.385987099591148e-07 6.013539859850425e-06 0.9999873638153076
Ses02F_script01_3_M026.wav 5.1899375 3  6.553137154696742e-06 6.721655608998844e-06 6.514851975225611e-06 0.9999802112579346
Ses02F_script01_3_M027.wav 14.14 3  2.6841878479899606e-06 2.2515005184686743e-06 2.4824678348522866e-06 0.9999926090240479
Ses02F_script01_3_M028.wav 8.99 3  1.8959528915729607e-06 1.6797212083474733e-06 4.124997303733835e-06 0.9999922513961792
Ses02F_script01_3_M029.wav 13.7099375 3  1.3339745237317402e-06 9.349091669719201e-07 1.6797275748103857e-06 0.9999960660934448
Ses02F_script01_3_M030.wav 11.6499375 3  8.580273970437702e-06 1.0309436220268253e-05 1.0189327440457419e-05 0.9999709129333496
Ses02F_script01_3_M031.wav 15.31 3  5.004222316529194e-07 3.9741590285302664e-07 2.941830530289735e-07 0.9999988079071045
Ses02F_script01_3_M032.wav 17.3199375 3  2.165243586205179e-06 2.6529119168117177e-06 4.116943273402285e-06 0.9999910593032837
Ses02F_script01_3_M033.wav 11.74 3  6.962186034797924e-06 3.626071247708751e-06 6.514870165119646e-06 0.9999829530715942
Ses02F_script01_3_M034.wav 9.8999375 3  1.8195032680523582e-07 2.4198845949285896e-07 4.1730271505002747e-07 0.9999991655349731
Ses02F_script02_1_F001.wav 1.18 0  0.9992749094963074 0.0005335906171239913 6.0572903748834506e-05 0.00013101765944156796
Ses02F_script02_1_F005.wav 1.28 0  1.0 3.7457561358200664e-11 1.1182762355010922e-10 2.0134069966815105e-09
Ses02F_script02_1_F019.wav 2.2199375 0  0.9994328618049622 0.0001633986976230517 0.0002089901245199144 0.00019480021728668362
Ses02F_script02_1_F021.wav 1.49 0  1.0 1.8727602801860144e-10 9.736200734522527e-10 4.618434346070899e-08
Ses02F_script02_1_M000.wav 3.6 1  1.7294131282596936e-07 0.999998927116394 7.764685250322145e-08 8.851567372403224e-07
Ses02F_script02_1_M001.wav 4.1299375 1  7.281093985511689e-07 0.9999979734420776 7.252707519000978e-07 5.626393431157339e-07
Ses02F_script02_1_M002.wav 6.1099375 1  0.00019445878569968045 0.9996316432952881 5.99967097514309e-06 0.00016796168347354978
Ses02F_script02_1_M003.wav 1.09 1  1.2333613241821695e-08 1.0 8.152020392060422e-09 3.70322239540144e-09
Ses02F_script02_1_M004.wav 5.25 1  2.001943144591678e-08 1.0 1.4962370231685895e-09 3.4187483066716595e-08
Ses02F_script02_1_M005.wav 4.74 1  6.774403573217569e-06 0.9999845027923584 5.173865702090552e-06 3.569859927665675e-06
Ses02F_script02_1_M006.wav 8.2199375 1  1.609082346476498e-06 0.9999972581863403 3.88209201673817e-07 8.714322348168935e-07
Ses02F_script02_1_M009.wav 1.49 0  0.9999984502792358 1.0718812291088398e-06 8.428482090039324e-08 3.29469258986137e-07
Ses02F_script02_1_M010.wav 7.0299375 0  0.999990701675415 7.797339094395284e-06 3.0950533869145147e-07 1.2051390285705565e-06
Ses02F_script02_1_M012.wav 4.75 1  0.00016699569823686033 0.9997231364250183 4.0368355257669464e-05 6.947832298465073e-05
Ses02F_script02_1_M013.wav 5.55 1  5.410851144915796e-07 0.9999982118606567 1.4620106014717749e-07 1.051148842634575e-06
Ses02F_script02_1_M014.wav 5.5799375 1  1.7257827167327378e-08 1.0 2.6362556582171237e-09 1.7190545875678254e-08
Ses02F_script02_1_M015.wav 5.3499375 1  2.2079595964896725e-06 0.9999958276748657 6.325910817395197e-07 1.2778690461345832e-06
Ses02F_script02_1_M016.wav 4.7599375 1  2.3921640604385175e-05 0.9998979568481445 3.1877261790214106e-05 4.6200315409805626e-05
Ses02F_script02_1_M017.wav 1.43 0  0.999950647354126 4.3065698264399543e-05 1.7194831798406085e-06 4.619585524778813e-06
Ses02F_script02_1_M019.wav 0.8899375 0  1.0 9.094236474993522e-09 1.3730243608733872e-09 6.153467957403791e-09
Ses02F_script02_1_M020.wav 1.5 0  0.9999732971191406 1.881443677120842e-05 3.288672132839565e-06 4.512674877332756e-06
Ses02F_script02_1_M021.wav 6.7599375 1  0.006000604014843702 0.9939862489700317 1.7982652025239076e-06 1.1321076271997299e-05
Ses02F_script02_1_M024.wav 6.9599375 1  0.00021565439237747341 0.9995728135108948 8.042691479204223e-05 0.0001310567167820409
Ses02F_script02_1_M025.wav 9.33 1  0.0019164057448506355 0.9980691075325012 4.451607765076915e-06 1.015010457194876e-05
Ses02F_script02_1_M026.wav 2.9599375 1  0.0002736929745879024 0.9996215105056763 5.78191175009124e-05 4.700661156675778e-05
Ses02F_script02_1_M028.wav 8.4 1  0.00022426921350415796 0.9996803998947144 3.4934404538944364e-05 6.047924762242474e-05
Ses02F_script02_1_M031.wav 4.5 1  0.00046506605576723814 0.9995205402374268 1.3126687008480076e-06 1.315431381954113e-05
Ses02F_script02_1_M033.wav 1.6499375 0  0.9960748553276062 0.003811048809438944 9.954802226275206e-05 1.456709378544474e-05
Ses02F_script02_1_M035.wav 4.4499375 1  2.143260680043113e-09 1.0 1.9626358871427385e-10 3.118425739856434e-09
Ses02F_script02_1_M036.wav 8.1199375 1  1.136561422754312e-06 0.9999969005584717 4.7194220087476424e-07 1.459373834222788e-06
Ses02F_script02_1_M039.wav 14.37 1  6.203575253493909e-07 0.999998927116394 7.322795880781996e-08 3.2436147989756137e-07
Ses02F_script02_1_M040.wav 9.9599375 1  1.243403403350385e-06 0.9999979734420776 1.456310343428413e-07 7.424700925184879e-07
Ses02F_script02_1_M041.wav 8.4699375 1  2.7052392397308722e-06 0.9999922513961792 1.6995211353787454e-06 3.3799015000113286e-06
Ses02F_script02_1_M042.wav 4.43 1  1.647239855628868e-06 0.9999967813491821 6.629503559452132e-07 8.851548614075e-07
Ses02F_script02_1_M043.wav 1.92 0  0.9999995231628418 1.4563126171651675e-07 3.1494970187395666e-08 3.439350564349297e-07
Ses02F_script02_1_M044.wav 1.49 0  0.9999994039535522 5.953393511504146e-08 1.7226714987828018e-07 5.083030032437819e-07
Ses02F_script02_2_F000.wav 1.3899375 0  0.9999996423721313 2.7305839811475607e-09 1.6502187349942687e-07 2.64736314647962e-07
Ses02F_script02_2_F005.wav 7.4399375 2  3.4805023460648954e-05 2.234052590210922e-05 0.9998761415481567 6.669648428214714e-05
Ses02F_script02_2_F006.wav 4.5 2  1.7433263565180823e-05 5.422520189313218e-05 0.9999008178710938 2.75337188213598e-05
Ses02F_script02_2_F011.wav 13.55 2  2.2958947738516144e-06 3.7779047943331534e-06 0.9999871253967285 6.827553988841828e-06
Ses02F_script02_2_F015.wav 6.0299375 3  0.001986562041565776 0.15491101145744324 0.0015623188810423017 0.8415400981903076
Ses02F_script02_2_F016.wav 10.0199375 3  1.998788684431929e-05 3.059717346332036e-05 2.1070221919217147e-05 0.99992835521698
Ses02F_script02_2_F017.wav 9.536625 3  9.529988165013492e-05 0.0005116765387356281 6.225553079275414e-05 0.9993307590484619
Ses02F_script02_2_F018.wav 8.8299375 3  5.919484920013929e-07 3.1808727385396196e-07 1.605943111826491e-06 0.9999974966049194
Ses02F_script02_2_F019.wav 4.55 3  0.00022950724815018475 0.002033625263720751 0.0003561627527233213 0.9973806738853455
Ses02F_script02_2_F020.wav 5.28 3  8.494872599840164e-05 0.00017026574641931802 0.00016057588800322264 0.9995842576026917
Ses02F_script02_2_F021.wav 1.14 3  1.4166088302403068e-09 4.413579571260762e-11 2.940955701191683e-09 1.0
Ses02F_script02_2_F022.wav 0.98 3  1.2898370149727612e-09 6.862640317129021e-11 2.756969930128861e-10 1.0
Ses02F_script02_2_F024.wav 0.87 3  1.0953024684567936e-05 8.870029887475539e-06 7.265671797540563e-08 0.999980092048645
Ses02F_script02_2_F031.wav 5.0235 3  3.1689214665675536e-06 6.204446890478721e-06 5.539120593311964e-07 0.9999901056289673
Ses02F_script02_2_F033.wav 3.34 3  2.251447085654945e-06 2.8243690394447185e-05 6.760070050404465e-07 0.9999688863754272
Ses02F_script02_2_F034.wav 15.3499375 3  1.784311649544179e-07 1.3416180877356965e-07 1.532175986085349e-07 0.9999995231628418
Ses02F_script02_2_F035.wav 1.62 3  1.568508878335706e-07 1.5202510894596344e-07 1.1080685453634942e-06 0.9999985694885254
Ses02F_script02_2_F038.wav 8.1199375 3  6.800482515245676e-05 5.8054116379935294e-05 0.00010268726327922195 0.9997712969779968
Ses02F_script02_2_F041.wav 2.8899375 1  0.00014188485511112958 0.9998568296432495 2.565545571542316e-07 1.0801351209011045e-06
Ses02F_script02_2_F042.wav 3.8999375 1  4.671479869600148e-10 1.0 2.0568248493280095e-10 1.5497747529735761e-09
Ses02F_script02_2_F043.wav 8.85 1  5.701302763228e-10 1.0 2.362418767554164e-11 1.107574032488401e-09
Ses02F_script02_2_F044.wav 2.33 3  1.986363606931718e-08 2.5505412892812274e-08 6.538526520216692e-08 0.9999998807907104
Ses02F_script02_2_F045.wav 1.7699375 1  1.099282513905564e-07 0.9999995231628418 2.545183841462517e-09 3.452811654369725e-07
Ses02F_script02_2_M000.wav 2.0930625 1  0.051177263259887695 0.9488182067871094 2.190889460962353e-07 4.248501227266388e-06
Ses02F_script02_2_M001.wav 1.31 0  0.999997615814209 2.536013425924466e-07 5.604455850516388e-07 1.4998303186075645e-06
Ses02F_script02_2_M002.wav 4.09 0  0.9999849796295166 7.646481208212208e-06 2.9364880447246833e-06 4.356833414931316e-06
Ses02F_script02_2_M003.wav 2.4199375 0  0.9998691082000732 8.698800957063213e-05 2.078288162010722e-05 2.309458977833856e-05
Ses02F_script02_2_M005.wav 6.8299375 0  0.9999990463256836 3.9349512093167505e-08 7.948820268666168e-08 7.781027875353175e-07
Ses02F_script02_2_M007.wav 10.17 0  0.9975427389144897 0.0006564709474332631 0.0017533793579787016 4.746180275105871e-05
Ses02F_script02_2_M009.wav 2.4099375 0  0.9999573230743408 2.6950006940751337e-05 5.594130470853997e-06 1.0090169780596625e-05
Ses02F_script02_2_M010.wav 1.73 0  0.9998257756233215 0.0001392721605952829 4.859625278186286e-06 3.0002292987774126e-05
Ses02F_script02_2_M013.wav 3.2899375 0  0.9999786615371704 1.7195312693729647e-06 1.3109034625813365e-05 6.591636974917492e-06
Ses02F_script02_2_M016.wav 4.7099375 0  0.9999134540557861 2.6068730221595615e-05 3.8602407585131004e-05 2.1866489987587556e-05
Ses02F_script02_2_M017.wav 6.0599375 0  0.9999535083770752 2.5317091058241203e-05 6.19211414232268e-06 1.497061202826444e-05
Ses02F_script02_2_M018.wav 1.8199375 0  0.999183714389801 3.5884986573364586e-05 0.0007314050453715026 4.9048954679165035e-05
Ses02F_script02_2_M019.wav 9.0399375 0  0.9996668100357056 0.00024824001593515277 7.584561444673454e-06 7.735308463452384e-05
Ses02F_script02_2_M020.wav 4.8199375 1  1.3604597370431293e-05 0.999975323677063 2.233940676887869e-06 8.835406333673745e-06
Ses02F_script02_2_M021.wav 5.4199375 0  0.9999988079071045 2.840203592313628e-07 2.31810659556686e-07 6.893607178426464e-07
Ses02F_script02_2_M022.wav 1.98 0  0.9997645020484924 0.00015116923896130174 2.246930125693325e-05 6.179785850690678e-05
Ses02F_script02_2_M023.wav 1.75 0  0.9999994039535522 1.1793577670005106e-07 1.8195036943779996e-07 1.9217789315462142e-07
Ses02F_script02_2_M029.wav 10.7599375 2  8.714309842616785e-07 7.965523991515511e-07 0.9999958276748657 2.5363872282468947e-06
Ses02F_script02_2_M031.wav 15.54 0  0.903955340385437 0.004065282177180052 0.07080325484275818 0.021176110953092575
Ses02F_script02_2_M033.wav 1.2599375 0  0.9999239444732666 1.1296703661400898e-07 7.580238889204338e-05 1.0126299088142332e-07
Ses02F_script02_2_M034.wav 1.09 0  1.0 2.423531930695333e-10 4.527753727501249e-10 2.2993831283457666e-09
Ses02F_script02_2_M035.wav 1.9599375 3  2.3222941791800622e-08 6.28803960012192e-08 2.5806063064237605e-08 0.9999998807907104
Ses02F_script02_2_M036.wav 2.1299375 3  1.1749336863431381e-06 1.0822381568686978e-07 5.989265332573268e-07 0.9999980926513672
Ses02F_script02_2_M037.wav 2.87 3  9.187203431793023e-06 1.4566859135811683e-05 1.8998765881406143e-05 0.9999572038650513
Ses02F_script02_2_M038.wav 5.33 3  9.60542756445193e-09 5.388156587571302e-09 1.1677230737916489e-08 1.0
Ses02F_script02_2_M041.wav 5.75 1  2.7101430077891564e-07 0.9999995231628418 8.395631567736928e-08 1.1209638728360005e-07
Ses02F_script02_2_M042.wav 1.93 0  0.9999963045120239 1.918309635584592e-06 1.9217729629872338e-07 1.5474379324587062e-06
Ses02F_script02_2_M043.wav 1.6499375 0  0.9999706745147705 4.0451250242767856e-06 3.0178473480191315e-06 2.2255531803239137e-05
Ses02F_script02_2_M045.wav 4.61 1  1.107574032488401e-09 1.0 5.011766557316832e-10 1.7768254645389447e-09
Ses02F_script02_2_M046.wav 1.5899375 1  4.753612087293746e-11 1.0 1.0060393273655932e-12 5.396273271979224e-12
Ses02F_script03_1_F005.wav 4.05 1  2.600846293887571e-08 0.9999998807907104 1.1839742342090176e-07 3.287777872174047e-08
Ses02F_script03_1_F006.wav 2.27 1  5.326964469531958e-07 0.9999984502792358 4.793749326381658e-07 6.227852509255172e-07
Ses02F_script03_1_F007.wav 3.85 1  1.5506288036704063e-05 0.9999537467956543 1.8199640180682763e-05 1.2508417057688348e-05
Ses02F_script03_1_F008.wav 3.6499375 0  0.7001753449440002 0.29909008741378784 6.80882585584186e-05 0.0006665097898803651
Ses02F_script03_1_F009.wav 3.67 2  6.216325346031226e-06 3.250766167184338e-05 0.9999496936798096 1.1523247849254403e-05
Ses02F_script03_1_F010.wav 2.3499375 1  0.4639202952384949 0.5360589027404785 7.321589691855479e-06 1.346646331512602e-05
Ses02F_script03_1_F012.wav 1.25 0  0.9975565671920776 0.0024165953509509563 1.825997856030881e-06 2.5010960598592646e-05
Ses02F_script03_1_F013.wav 3.0099375 0  0.999747097492218 0.00017129420302808285 2.9999931939528324e-05 5.163314926903695e-05
Ses02F_script03_1_F014.wav 5.33 1  0.00022123394592199475 0.999725878238678 3.9587666833540425e-05 1.336420882580569e-05
Ses02F_script03_1_F015.wav 3.23 0  0.8129680752754211 0.1861533373594284 0.00013008821406401694 0.0007486059912480414
Ses02F_script03_1_F016.wav 2.31 1  9.608253321857774e-07 0.9999954700469971 1.0489384294487536e-07 3.4398499337839894e-06
Ses02F_script03_1_F017.wav 6.2199375 0  0.9999929666519165 5.561646048590774e-06 8.169119780632172e-08 1.3030689842707943e-06
Ses02F_script03_1_F019.wav 2.4499375 1  4.1164403228322044e-05 0.9997196793556213 0.0001952370657818392 4.399078534333967e-05
Ses02F_script03_1_F020.wav 2.23 1  2.135541592451773e-07 0.9999996423721313 9.439462900218132e-08 4.582491541782474e-08
Ses02F_script03_1_F021.wav 7.62 1  4.995603740098886e-05 0.999929666519165 4.6557197492802516e-06 1.5688692656112835e-05
Ses02F_script03_1_F022.wav 2.0355625 1  0.00032918647048063576 0.9996685981750488 6.225798188097542e-07 1.6531441815459402e-06
Ses02F_script03_1_F023.wav 4.7699375 1  1.9373374016140588e-05 0.9999516010284424 1.1433595318521839e-05 1.75708864844637e-05
Ses02F_script03_1_F024.wav 5.66 1  0.0011698984308168292 0.9972123503684998 0.0007962446543388069 0.0008215201669372618
Ses02F_script03_1_F025.wav 2.91 1  2.2380280029210553e-07 0.9999995231628418 1.1656180021191176e-07 1.368079125541044e-07
Ses02F_script03_1_F026.wav 4.25 1  1.0492252840776928e-05 0.9999703168869019 5.464613423100673e-06 1.3738036614086013e-05
Ses02F_script03_1_F027.wav 2.9599375 3  5.9508314734557644e-05 0.0007938832277432084 2.5148241547867656e-05 0.9991214871406555
Ses02F_script03_1_F028.wav 7.3 1  2.4439782464469317e-06 0.9999916553497314 1.1454696959845023e-06 4.6107602429401595e-06
Ses02F_script03_1_F029.wav 3.6899375 1  0.00010429658141219988 0.9996968507766724 0.00018702138913795352 1.1932548659387976e-05
Ses02F_script03_1_M001.wav 1.09 1  1.3129063169969868e-08 1.0 5.37684063939281e-10 2.7305848693259804e-09
Ses02F_script03_1_M004.wav 1.5299375 1  5.2020192597979076e-09 0.9999997615814209 4.7923243151615225e-09 1.869942991561402e-07
Ses02F_script03_1_M005.wav 4.8899375 1  9.640143544542568e-11 1.0 5.6996005137754935e-12 3.834584386130935e-11
Ses02F_script03_1_M007.wav 1.87 1  1.4765765854463098e-06 0.9999970197677612 4.5386241254163906e-07 1.038901473293663e-06
Ses02F_script03_1_M008.wav 4.6899375 1  2.7052456061937846e-06 0.9999946355819702 4.1163434616464656e-07 2.2339836505125277e-06
Ses02F_script03_1_M009.wav 2.0199375 0  0.9999860525131226 2.378042836426175e-06 1.6731621599319624e-06 9.837481229624245e-06
Ses02F_script03_1_M010.wav 3.75 1  9.04505213839002e-06 0.9999885559082031 2.884900709432259e-07 2.1150806333025685e-06
Ses02F_script03_1_M012.wav 2.9399375 1  0.00025555299362167716 0.9994038343429565 0.00015836684906389564 0.0001822791382437572
Ses02F_script03_1_M013.wav 7.2199375 1  0.00015415390953421593 0.9997847676277161 2.4871753339539282e-05 3.618819027906284e-05
Ses02F_script03_1_M014.wav 3.49 1  4.720140714198351e-05 0.9998506307601929 8.108023757813498e-05 2.1109774024807848e-05
Ses02F_script03_1_M015.wav 2.7799375 1  1.2100284038751852e-05 0.9999840259552002 7.780910777910321e-07 2.971099320348003e-06
Ses02F_script03_1_M016.wav 1.36 1  7.3360246766185355e-09 1.0 4.380540374882003e-09 2.7470415275843152e-08
Ses02F_script03_1_M017.wav 3.5099375 3  6.70891095069237e-05 2.0501023755059578e-05 2.622120882733725e-05 0.999886155128479
Ses02F_script03_1_M018.wav 2.23 0  0.9999985694885254 3.6468927078203706e-07 1.906822006958464e-07 7.781023896313854e-07
Ses02F_script03_1_M019.wav 3.28 1  7.027481263577329e-09 1.0 2.2725943349399813e-09 4.77364237028155e-09
Ses02F_script03_1_M020.wav 5.49 1  0.00013604342530015856 0.9998074173927307 2.382622187724337e-05 3.2822004868648946e-05
Ses02F_script03_1_M021.wav 2.74 1  2.3730811449240719e-07 0.9999997615814209 8.953241703579806e-09 4.974248213329702e-08
Ses02F_script03_1_M022.wav 13.9499375 1  7.353551609412534e-06 0.9999853372573853 3.327477770653786e-06 3.966943495470332e-06
Ses02F_script03_1_M023.wav 4.3995625 1  0.0010878202738240361 0.9967384934425354 0.001626645214855671 0.0005469904281198978
Ses02F_script03_1_M024.wav 10.67 1  0.00024653857690282166 0.9967009425163269 9.8450094810687e-05 0.002954004565253854
Ses02F_script03_1_M025.wav 2.6708125 1  0.00010867782839341089 0.9998303651809692 1.6248442989308387e-05 4.468848783290014e-05
Ses02F_script03_1_M026.wav 4.85 1  0.06497161835432053 0.9344576001167297 5.08745142724365e-05 0.0005198711296543479
Ses02F_script03_1_M028.wav 2.09 0  0.9999959468841553 1.1233190662096604e-06 8.646495075481653e-07 2.0986362869734876e-06
Ses02F_script03_1_M029.wav 5.5299375 1  0.2755691707134247 0.7239041328430176 3.1421499443240464e-05 0.0004953699535690248
Ses02F_script03_1_M031.wav 2.2199375 0  0.999998927116394 6.239100258653707e-08 2.2293015433660912e-07 6.813294817220594e-07
Ses02F_script03_1_M032.wav 2.62 1  1.0246440496075593e-07 0.9999996423721313 7.856218786628233e-08 8.696041220446205e-08
Ses02F_script03_1_M033.wav 2.2399375 0  0.9995836615562439 0.00040725115104578435 2.6622099085216178e-06 6.4615896917530335e-06
Ses02F_script03_1_M034.wav 4.7799375 0  0.9999964237213135 2.4198780579354207e-07 9.57080260377552e-07 2.350362365177716e-06
Ses02F_script03_2_F007.wav 4.5 0  0.9984830021858215 0.00016581412637606263 0.0008274008869193494 0.0005238775629550219
Ses02F_script03_2_F011.wav 4.1199375 0  0.9720408916473389 0.02735341154038906 0.0004114037146791816 0.00019433336274232715
Ses02F_script03_2_F012.wav 2.79 0  0.9999711513519287 6.216459041752387e-06 5.275840067042736e-06 1.7434489564038813e-05
Ses02F_script03_2_F013.wav 2.0799375 2  1.1451370518500426e-08 7.364735932213762e-09 0.9999998807907104 7.629396492347951e-08
Ses02F_script03_2_F014.wav 1.14 2  1.6591736318183337e-10 3.987336849586853e-11 1.0 4.406282894109381e-09
Ses02F_script03_2_F016.wav 5.2599375 0  0.9985785484313965 0.0005437356303445995 0.000717524322681129 0.00016010132094379514
Ses02F_script03_2_F018.wav 2.1 2  3.554934480121119e-08 2.935654386249098e-08 0.9999996423721313 2.391693101344572e-07
Ses02F_script03_2_F020.wav 2.0399375 2  3.905392077285796e-06 1.2076536222593859e-05 0.9999725818634033 1.1411524610593915e-05
Ses02F_script03_2_F025.wav 1.86 2  0.00029756221920251846 0.0002636255230754614 0.9992536902427673 0.00018512179667595774
Ses02F_script03_2_F029.wav 1.8399375 2  6.717776335207759e-10 4.7722173435182924e-11 1.0 3.2680822492636707e-09
Ses02F_script03_2_F031.wav 1.49 2  4.203876968755793e-10 7.99195987166712e-11 1.0 3.880943566514361e-09
Ses02F_script03_2_F034.wav 2.27 2  1.1520382514618177e-07 4.4588869485551186e-08 0.9999996423721313 2.482114780377742e-07
Ses02F_script03_2_F035.wav 4.6299375 2  2.2603019260714063e-06 7.706475116719957e-06 0.9999878406524658 2.09043741961068e-06
Ses02F_script03_2_F036.wav 4.0599375 2  5.839033838128671e-05 0.00015965414058882743 0.9996868371963501 9.51478214119561e-05
Ses02F_script03_2_F037.wav 2.4099375 2  1.3952655990578933e-06 5.560833642448415e-07 0.9999960660934448 2.0782417777809314e-06
Ses02F_script03_2_F038.wav 5.5299375 2  6.827514880569652e-06 4.2809024307643995e-06 0.9999814033508301 7.454749265889404e-06
Ses02F_script03_2_F039.wav 6.33 2  1.673340011620894e-05 1.5206204807327595e-05 0.9999430179595947 2.502187453501392e-05
Ses02F_script03_2_F040.wav 4.14 2  8.869742487149779e-06 1.5658361007808708e-05 0.9999476671218872 2.7750968001782894e-05
Ses02F_script03_2_F041.wav 1.9599375 2  9.132543254963821e-07 1.8993880246398476e-07 0.9999985694885254 3.320533323858399e-07
Ses02F_script03_2_F042.wav 4.5799375 2  3.982406269642524e-06 8.698374585947022e-06 0.9999693632125854 1.8058291971101426e-05
Ses02F_script03_2_F043.wav 10.87 2  1.8376197203906486e-06 9.385642556480889e-07 0.999991774559021 5.539956873690244e-06
Ses02F_script03_2_M000.wav 3.66 0  0.9999078512191772 1.116824660130078e-05 2.6948673621518537e-05 5.401417729444802e-05
Ses02F_script03_2_M001.wav 3.0399375 2  2.6375302695669234e-05 6.22901352471672e-05 0.9998862743377686 2.5020455723279156e-05
Ses02F_script03_2_M006.wav 1.17 2  1.0673852912645998e-08 1.8156836034677326e-08 1.0 3.2749603917636705e-08
Ses02F_script03_2_M007.wav 2.09 2  1.0757568169594833e-08 1.4532546721568451e-08 0.9999998807907104 6.362161286688206e-08
Ses02F_script03_2_M009.wav 4.15 0  0.9999994039535522 1.336387356332125e-07 1.444979460529794e-07 3.548526876784308e-07
Ses02F_script03_2_M011.wav 3.4399375 0  0.9999051094055176 5.616570342681371e-05 1.2605909432750195e-05 2.606851194286719e-05
Ses02F_script03_2_M013.wav 4.8399375 2  4.2395851778564975e-05 2.3276426873053424e-05 0.9998993873596191 3.4942058846354485e-05
Ses02F_script03_2_M027.wav 2.31 2  2.941822856428189e-07 7.424687282764353e-07 0.9999961853027344 2.7105386379844276e-06
Ses02F_script03_2_M030.wav 4.2199375 2  1.3498148291546386e-05 3.347354868310504e-05 0.9999325275421143 2.050197326752823e-05
Ses02F_script03_2_M036.wav 2.1099375 2  6.239104521910122e-08 2.462431147876032e-08 0.9999996423721313 2.726069965319766e-07
Ses02F_script03_2_M037.wav 2.7099375 2  2.2380261555099423e-07 3.5071829529442766e-07 0.9999986886978149 7.126337777663139e-07
Ses02F_script03_2_M038.wav 1.25 2  5.399495250912878e-08 6.142376918205628e-08 0.9999997615814209 1.4879395848765853e-07
Ses02F_script03_2_M039.wav 2.1899375 2  6.190551005147427e-08 4.765037431297969e-08 0.9999996423721313 2.4246165253316576e-07
Ses02F_script03_2_M041.wav 6.8299375 2  1.596671972947661e-05 5.0940729124704376e-05 0.9999178647994995 1.529517976450734e-05
Ses02F_script03_2_M042.wav 1.99 2  1.2433994243110646e-06 1.331369958279538e-06 0.9999947547912598 2.6016095944214612e-06
Ses02F_script03_2_M043.wav 1.49 2  8.69344818354989e-10 5.334997443817713e-10 1.0 6.864689705565752e-09
Ses02F_script03_2_M044.wav 1.93 2  1.7736230262244135e-08 7.000082735686419e-09 0.9999998807907104 1.7260403240015876e-07
Ses02F_script03_2_M045.wav 1.79 2  7.327245111810043e-05 0.14924213290214539 0.8504830002784729 0.00020152298384346068
Ses02F_script03_2_M046.wav 2.85 2  0.0016007892554625869 0.025040555745363235 0.9713626503944397 0.001996109029278159
Ses02F_script03_2_M047.wav 4.15 2  1.0451077287143562e-05 1.676613828749396e-05 0.9999444484710693 2.8408971047610976e-05
